Dataset {
    Grid {
     ARRAY:
        Float32 spectral_wave_density[time = 11][frequency = 64][latitude = 1][longitude = 1];
     MAPS:
        Int32 time[time = 11];
        Float32 frequency[frequency = 64];
        Float32 latitude[latitude = 1];
        Float32 longitude[longitude = 1];
    } spectral_wave_density;
    Grid {
     ARRAY:
        Int32 mean_wave_dir[time = 11][frequency = 64][latitude = 1][longitude = 1];
     MAPS:
        Int32 time[time = 11];
        Float32 frequency[frequency = 64];
        Float32 latitude[latitude = 1];
        Float32 longitude[longitude = 1];
    } mean_wave_dir;
    Grid {
     ARRAY:
        Int32 principal_wave_dir[time = 11][frequency = 64][latitude = 1][longitude = 1];
     MAPS:
        Int32 time[time = 11];
        Float32 frequency[frequency = 64];
        Float32 latitude[latitude = 1];
        Float32 longitude[longitude = 1];
    } principal_wave_dir;
    Grid {
     ARRAY:
        Float32 wave_spectrum_r1[time = 11][frequency = 64][latitude = 1][longitude = 1];
     MAPS:
        Int32 time[time = 11];
        Float32 frequency[frequency = 64];
        Float32 latitude[latitude = 1];
        Float32 longitude[longitude = 1];
    } wave_spectrum_r1;
    Grid {
     ARRAY:
        Float32 wave_spectrum_r2[time = 11][frequency = 64][latitude = 1][longitude = 1];
     MAPS:
        Int32 time[time = 11];
        Float32 frequency[frequency = 64];
        Float32 latitude[latitude = 1];
        Float32 longitude[longitude = 1];
    } wave_spectrum_r2;
} data/swden/44097/44097w9999.nc;
---------------------------------------------
spectral_wave_density.spectral_wave_density[11][64][1][1]
[0][0][0], 0.0
[0][1][0], 0.0
[0][2][0], 0.0
[0][3][0], 0.001
[0][4][0], 0.001
[0][5][0], 0.001
[0][6][0], 0.003
[0][7][0], 0.004
[0][8][0], 0.023
[0][9][0], 0.011
[0][10][0], 0.048
[0][11][0], 0.056
[0][12][0], 0.028
[0][13][0], 0.014
[0][14][0], 0.009
[0][15][0], 0.008
[0][16][0], 0.02
[0][17][0], 0.032
[0][18][0], 0.03
[0][19][0], 0.064
[0][20][0], 0.057
[0][21][0], 0.043
[0][22][0], 0.066
[0][23][0], 0.067
[0][24][0], 0.056
[0][25][0], 0.033
[0][26][0], 0.047
[0][27][0], 0.032
[0][28][0], 0.037
[0][29][0], 0.026
[0][30][0], 0.026
[0][31][0], 0.018
[0][32][0], 0.02
[0][33][0], 0.018
[0][34][0], 0.016
[0][35][0], 0.012
[0][36][0], 0.017
[0][37][0], 0.014
[0][38][0], 0.01
[0][39][0], 0.012
[0][40][0], 0.013
[0][41][0], 0.018
[0][42][0], 0.026
[0][43][0], 0.034
[0][44][0], 0.043
[0][45][0], 0.034
[0][46][0], 0.053
[0][47][0], 0.082
[0][48][0], 0.085
[0][49][0], 0.066
[0][50][0], 0.049
[0][51][0], 0.04
[0][52][0], 0.037
[0][53][0], 0.033
[0][54][0], 0.033
[0][55][0], 0.026
[0][56][0], 0.021
[0][57][0], 0.02
[0][58][0], 0.012
[0][59][0], 0.013
[0][60][0], 0.011
[0][61][0], 0.021
[0][62][0], 0.016
[0][63][0], 0.013
[1][0][0], 0.0
[1][1][0], 0.0
[1][2][0], 0.0
[1][3][0], 0.0
[1][4][0], 0.0
[1][5][0], 0.001
[1][6][0], 0.001
[1][7][0], 0.011
[1][8][0], 0.012
[1][9][0], 0.039
[1][10][0], 0.054
[1][11][0], 0.032
[1][12][0], 0.007
[1][13][0], 0.019
[1][14][0], 0.013
[1][15][0], 0.009
[1][16][0], 0.016
[1][17][0], 0.024
[1][18][0], 0.035
[1][19][0], 0.023
[1][20][0], 0.023
[1][21][0], 0.039
[1][22][0], 0.042
[1][23][0], 0.023
[1][24][0], 0.035
[1][25][0], 0.027
[1][26][0], 0.036
[1][27][0], 0.025
[1][28][0], 0.027
[1][29][0], 0.025
[1][30][0], 0.02
[1][31][0], 0.025
[1][32][0], 0.032
[1][33][0], 0.017
[1][34][0], 0.025
[1][35][0], 0.036
[1][36][0], 0.06
[1][37][0], 0.074
[1][38][0], 0.087
[1][39][0], 0.103
[1][40][0], 0.118
[1][41][0], 0.134
[1][42][0], 0.117
[1][43][0], 0.078
[1][44][0], 0.063
[1][45][0], 0.047
[1][46][0], 0.047
[1][47][0], 0.04
[1][48][0], 0.034
[1][49][0], 0.024
[1][50][0], 0.025
[1][51][0], 0.016
[1][52][0], 0.023
[1][53][0], 0.016
[1][54][0], 0.021
[1][55][0], 0.023
[1][56][0], 0.028
[1][57][0], 0.015
[1][58][0], 0.012
[1][59][0], 0.017
[1][60][0], 0.021
[1][61][0], 0.011
[1][62][0], 0.017
[1][63][0], 0.015
[2][0][0], 0.0
[2][1][0], 0.0
[2][2][0], 0.0
[2][3][0], 0.0
[2][4][0], 0.0
[2][5][0], 0.002
[2][6][0], 0.005
[2][7][0], 0.006
[2][8][0], 0.013
[2][9][0], 0.044
[2][10][0], 0.051
[2][11][0], 0.054
[2][12][0], 0.025
[2][13][0], 0.013
[2][14][0], 0.016
[2][15][0], 0.011
[2][16][0], 0.021
[2][17][0], 0.028
[2][18][0], 0.033
[2][19][0], 0.044
[2][20][0], 0.025
[2][21][0], 0.024
[2][22][0], 0.052
[2][23][0], 0.04
[2][24][0], 0.043
[2][25][0], 0.047
[2][26][0], 0.036
[2][27][0], 0.028
[2][28][0], 0.036
[2][29][0], 0.027
[2][30][0], 0.027
[2][31][0], 0.03
[2][32][0], 0.024
[2][33][0], 0.047
[2][34][0], 0.055
[2][35][0], 0.063
[2][36][0], 0.134
[2][37][0], 0.12
[2][38][0], 0.158
[2][39][0], 0.114
[2][40][0], 0.115
[2][41][0], 0.081
[2][42][0], 0.088
[2][43][0], 0.077
[2][44][0], 0.038
[2][45][0], 0.036
[2][46][0], 0.028
[2][47][0], 0.035
[2][48][0], 0.03
[2][49][0], 0.03
[2][50][0], 0.021
[2][51][0], 0.024
[2][52][0], 0.024
[2][53][0], 0.017
[2][54][0], 0.008
[2][55][0], 0.014
[2][56][0], 0.019
[2][57][0], 0.021
[2][58][0], 0.019
[2][59][0], 0.014
[2][60][0], 0.021
[2][61][0], 0.021
[2][62][0], 0.013
[2][63][0], 0.011
[3][0][0], 0.0
[3][1][0], 0.0
[3][2][0], 0.0
[3][3][0], 0.0
[3][4][0], 0.0
[3][5][0], 0.0
[3][6][0], 0.004
[3][7][0], 0.004
[3][8][0], 0.023
[3][9][0], 0.031
[3][10][0], 0.023
[3][11][0], 0.015
[3][12][0], 0.027
[3][13][0], 0.011
[3][14][0], 0.008
[3][15][0], 0.011
[3][16][0], 0.015
[3][17][0], 0.038
[3][18][0], 0.034
[3][19][0], 0.031
[3][20][0], 0.046
[3][21][0], 0.023
[3][22][0], 0.023
[3][23][0], 0.019
[3][24][0], 0.027
[3][25][0], 0.031
[3][26][0], 0.046
[3][27][0], 0.061
[3][28][0], 0.076
[3][29][0], 0.206
[3][30][0], 0.252
[3][31][0], 0.271
[3][32][0], 0.382
[3][33][0], 0.267
[3][34][0], 0.309
[3][35][0], 0.206
[3][36][0], 0.145
[3][37][0], 0.153
[3][38][0], 0.084
[3][39][0], 0.057
[3][40][0], 0.069
[3][41][0], 0.084
[3][42][0], 0.053
[3][43][0], 0.05
[3][44][0], 0.061
[3][45][0], 0.065
[3][46][0], 0.05
[3][47][0], 0.042
[3][48][0], 0.038
[3][49][0], 0.031
[3][50][0], 0.042
[3][51][0], 0.027
[3][52][0], 0.023
[3][53][0], 0.034
[3][54][0], 0.023
[3][55][0], 0.023
[3][56][0], 0.019
[3][57][0], 0.019
[3][58][0], 0.019
[3][59][0], 0.011
[3][60][0], 0.019
[3][61][0], 0.023
[3][62][0], 0.019
[3][63][0], 0.015
[4][0][0], 0.0
[4][1][0], 0.0
[4][2][0], 0.0
[4][3][0], 0.0
[4][4][0], 0.0
[4][5][0], 0.0
[4][6][0], 0.0
[4][7][0], 0.0
[4][8][0], 0.01
[4][9][0], 0.031
[4][10][0], 0.041
[4][11][0], 0.061
[4][12][0], 0.031
[4][13][0], 0.0
[4][14][0], 0.01
[4][15][0], 0.01
[4][16][0], 0.01
[4][17][0], 0.041
[4][18][0], 0.031
[4][19][0], 0.031
[4][20][0], 0.031
[4][21][0], 0.02
[4][22][0], 0.031
[4][23][0], 0.041
[4][24][0], 0.051
[4][25][0], 0.112
[4][26][0], 0.255
[4][27][0], 0.408
[4][28][0], 0.857
[4][29][0], 1.02
[4][30][0], 0.52
[4][31][0], 0.806
[4][32][0], 0.418
[4][33][0], 0.224
[4][34][0], 0.143
[4][35][0], 0.112
[4][36][0], 0.163
[4][37][0], 0.102
[4][38][0], 0.112
[4][39][0], 0.092
[4][40][0], 0.082
[4][41][0], 0.082
[4][42][0], 0.061
[4][43][0], 0.051
[4][44][0], 0.051
[4][45][0], 0.051
[4][46][0], 0.041
[4][47][0], 0.041
[4][48][0], 0.031
[4][49][0], 0.02
[4][50][0], 0.02
[4][51][0], 0.031
[4][52][0], 0.031
[4][53][0], 0.031
[4][54][0], 0.02
[4][55][0], 0.02
[4][56][0], 0.02
[4][57][0], 0.02
[4][58][0], 0.02
[4][59][0], 0.02
[4][60][0], 0.01
[4][61][0], 0.01
[4][62][0], 0.02
[4][63][0], 0.01
[5][0][0], 0.0
[5][1][0], 0.0
[5][2][0], 0.0
[5][3][0], 0.0
[5][4][0], 0.0
[5][5][0], 0.0
[5][6][0], 0.0
[5][7][0], 0.0
[5][8][0], 0.014
[5][9][0], 0.028
[5][10][0], 0.042
[5][11][0], 0.07
[5][12][0], 0.042
[5][13][0], 0.014
[5][14][0], 0.014
[5][15][0], 0.014
[5][16][0], 0.028
[5][17][0], 0.028
[5][18][0], 0.028
[5][19][0], 0.042
[5][20][0], 0.042
[5][21][0], 0.042
[5][22][0], 0.083
[5][23][0], 0.264
[5][24][0], 0.431
[5][25][0], 0.598
[5][26][0], 0.862
[5][27][0], 1.293
[5][28][0], 1.39
[5][29][0], 0.945
[5][30][0], 0.389
[5][31][0], 0.486
[5][32][0], 0.292
[5][33][0], 0.236
[5][34][0], 0.195
[5][35][0], 0.222
[5][36][0], 0.195
[5][37][0], 0.167
[5][38][0], 0.097
[5][39][0], 0.07
[5][40][0], 0.056
[5][41][0], 0.07
[5][42][0], 0.07
[5][43][0], 0.097
[5][44][0], 0.097
[5][45][0], 0.056
[5][46][0], 0.056
[5][47][0], 0.042
[5][48][0], 0.042
[5][49][0], 0.028
[5][50][0], 0.028
[5][51][0], 0.028
[5][52][0], 0.028
[5][53][0], 0.028
[5][54][0], 0.028
[5][55][0], 0.028
[5][56][0], 0.028
[5][57][0], 0.028
[5][58][0], 0.014
[5][59][0], 0.014
[5][60][0], 0.014
[5][61][0], 0.014
[5][62][0], 0.014
[5][63][0], 0.014
[6][0][0], 0.0
[6][1][0], 0.0
[6][2][0], 0.0
[6][3][0], 0.0
[6][4][0], 0.0
[6][5][0], 0.0
[6][6][0], 0.0
[6][7][0], 0.0
[6][8][0], 0.0
[6][9][0], 0.023
[6][10][0], 0.047
[6][11][0], 0.023
[6][12][0], 0.023
[6][13][0], 0.023
[6][14][0], 0.0
[6][15][0], 0.023
[6][16][0], 0.023
[6][17][0], 0.023
[6][18][0], 0.023
[6][19][0], 0.023
[6][20][0], 0.07
[6][21][0], 0.07
[6][22][0], 0.304
[6][23][0], 0.959
[6][24][0], 1.334
[6][25][0], 1.427
[6][26][0], 2.34
[6][27][0], 1.264
[6][28][0], 0.632
[6][29][0], 0.585
[6][30][0], 0.328
[6][31][0], 0.211
[6][32][0], 0.281
[6][33][0], 0.117
[6][34][0], 0.14
[6][35][0], 0.187
[6][36][0], 0.187
[6][37][0], 0.164
[6][38][0], 0.094
[6][39][0], 0.094
[6][40][0], 0.117
[6][41][0], 0.14
[6][42][0], 0.047
[6][43][0], 0.047
[6][44][0], 0.047
[6][45][0], 0.047
[6][46][0], 0.047
[6][47][0], 0.047
[6][48][0], 0.047
[6][49][0], 0.023
[6][50][0], 0.023
[6][51][0], 0.023
[6][52][0], 0.023
[6][53][0], 0.023
[6][54][0], 0.023
[6][55][0], 0.0
[6][56][0], 0.023
[6][57][0], 0.023
[6][58][0], 0.0
[6][59][0], 0.0
[6][60][0], 0.0
[6][61][0], 0.0
[6][62][0], 0.0
[6][63][0], 0.0
[7][0][0], 0.0
[7][1][0], 0.0
[7][2][0], 0.0
[7][3][0], 0.0
[7][4][0], 0.0
[7][5][0], 0.0
[7][6][0], 0.0
[7][7][0], 0.0
[7][8][0], 0.0
[7][9][0], 0.037
[7][10][0], 0.055
[7][11][0], 0.037
[7][12][0], 0.037
[7][13][0], 0.037
[7][14][0], 0.0
[7][15][0], 0.018
[7][16][0], 0.018
[7][17][0], 0.018
[7][18][0], 0.037
[7][19][0], 0.037
[7][20][0], 0.092
[7][21][0], 0.221
[7][22][0], 0.423
[7][23][0], 1.306
[7][24][0], 1.84
[7][25][0], 1.343
[7][26][0], 1.398
[7][27][0], 0.81
[7][28][0], 0.754
[7][29][0], 0.258
[7][30][0], 0.368
[7][31][0], 0.276
[7][32][0], 0.239
[7][33][0], 0.258
[7][34][0], 0.166
[7][35][0], 0.221
[7][36][0], 0.184
[7][37][0], 0.239
[7][38][0], 0.147
[7][39][0], 0.129
[7][40][0], 0.092
[7][41][0], 0.11
[7][42][0], 0.11
[7][43][0], 0.092
[7][44][0], 0.074
[7][45][0], 0.055
[7][46][0], 0.074
[7][47][0], 0.074
[7][48][0], 0.055
[7][49][0], 0.018
[7][50][0], 0.037
[7][51][0], 0.037
[7][52][0], 0.018
[7][53][0], 0.018
[7][54][0], 0.037
[7][55][0], 0.037
[7][56][0], 0.018
[7][57][0], 0.018
[7][58][0], 0.018
[7][59][0], 0.018
[7][60][0], 0.018
[7][61][0], 0.018
[7][62][0], 0.0
[7][63][0], 0.018
[8][0][0], 0.0
[8][1][0], 0.0
[8][2][0], 0.0
[8][3][0], 0.0
[8][4][0], 0.0
[8][5][0], 0.0
[8][6][0], 0.0
[8][7][0], 0.0
[8][8][0], 0.0
[8][9][0], 0.0
[8][10][0], 0.025
[8][11][0], 0.0
[8][12][0], 0.025
[8][13][0], 0.0
[8][14][0], 0.0
[8][15][0], 0.025
[8][16][0], 0.0
[8][17][0], 0.025
[8][18][0], 0.025
[8][19][0], 0.075
[8][20][0], 0.126
[8][21][0], 0.527
[8][22][0], 1.079
[8][23][0], 1.983
[8][24][0], 2.51
[8][25][0], 1.406
[8][26][0], 1.18
[8][27][0], 1.004
[8][28][0], 0.577
[8][29][0], 0.376
[8][30][0], 0.376
[8][31][0], 0.251
[8][32][0], 0.301
[8][33][0], 0.226
[8][34][0], 0.251
[8][35][0], 0.226
[8][36][0], 0.226
[8][37][0], 0.126
[8][38][0], 0.151
[8][39][0], 0.176
[8][40][0], 0.151
[8][41][0], 0.1
[8][42][0], 0.1
[8][43][0], 0.075
[8][44][0], 0.1
[8][45][0], 0.075
[8][46][0], 0.05
[8][47][0], 0.05
[8][48][0], 0.025
[8][49][0], 0.05
[8][50][0], 0.05
[8][51][0], 0.05
[8][52][0], 0.05
[8][53][0], 0.05
[8][54][0], 0.025
[8][55][0], 0.025
[8][56][0], 0.025
[8][57][0], 0.025
[8][58][0], 0.025
[8][59][0], 0.025
[8][60][0], 0.025
[8][61][0], 0.0
[8][62][0], 0.0
[8][63][0], 0.025
[9][0][0], 0.0
[9][1][0], 0.0
[9][2][0], 0.0
[9][3][0], 0.0
[9][4][0], 0.0
[9][5][0], 0.0
[9][6][0], 0.0
[9][7][0], 0.028
[9][8][0], 0.0
[9][9][0], 0.028
[9][10][0], 0.082
[9][11][0], 0.028
[9][12][0], 0.028
[9][13][0], 0.0
[9][14][0], 0.0
[9][15][0], 0.0
[9][16][0], 0.0
[9][17][0], 0.028
[9][18][0], 0.055
[9][19][0], 0.165
[9][20][0], 0.412
[9][21][0], 0.66
[9][22][0], 1.87
[9][23][0], 2.75
[9][24][0], 2.42
[9][25][0], 1.238
[9][26][0], 1.018
[9][27][0], 0.825
[9][28][0], 0.825
[9][29][0], 0.578
[9][30][0], 0.495
[9][31][0], 0.33
[9][32][0], 0.193
[9][33][0], 0.275
[9][34][0], 0.302
[9][35][0], 0.165
[9][36][0], 0.22
[9][37][0], 0.165
[9][38][0], 0.138
[9][39][0], 0.138
[9][40][0], 0.082
[9][41][0], 0.11
[9][42][0], 0.082
[9][43][0], 0.055
[9][44][0], 0.055
[9][45][0], 0.055
[9][46][0], 0.055
[9][47][0], 0.055
[9][48][0], 0.055
[9][49][0], 0.028
[9][50][0], 0.028
[9][51][0], 0.028
[9][52][0], 0.028
[9][53][0], 0.028
[9][54][0], 0.028
[9][55][0], 0.028
[9][56][0], 0.028
[9][57][0], 0.028
[9][58][0], 0.0
[9][59][0], 0.0
[9][60][0], 0.0
[9][61][0], 0.0
[9][62][0], 0.0
[9][63][0], 0.0
[10][0][0], 0.0
[10][1][0], 0.0
[10][2][0], 0.0
[10][3][0], 0.0
[10][4][0], 0.0
[10][5][0], 0.0
[10][6][0], 0.0
[10][7][0], 0.0
[10][8][0], 0.0
[10][9][0], 0.0
[10][10][0], 0.086
[10][11][0], 0.043
[10][12][0], 0.043
[10][13][0], 0.0
[10][14][0], 0.0
[10][15][0], 0.0
[10][16][0], 0.0
[10][17][0], 0.043
[10][18][0], 0.086
[10][19][0], 0.173
[10][20][0], 0.907
[10][21][0], 1.728
[10][22][0], 4.32
[10][23][0], 2.592
[10][24][0], 1.166
[10][25][0], 1.469
[10][26][0], 1.123
[10][27][0], 0.648
[10][28][0], 0.432
[10][29][0], 0.302
[10][30][0], 0.475
[10][31][0], 0.432
[10][32][0], 0.475
[10][33][0], 0.173
[10][34][0], 0.302
[10][35][0], 0.216
[10][36][0], 0.216
[10][37][0], 0.173
[10][38][0], 0.13
[10][39][0], 0.13
[10][40][0], 0.086
[10][41][0], 0.13
[10][42][0], 0.086
[10][43][0], 0.043
[10][44][0], 0.086
[10][45][0], 0.086
[10][46][0], 0.043
[10][47][0], 0.043
[10][48][0], 0.043
[10][49][0], 0.0
[10][50][0], 0.0
[10][51][0], 0.043
[10][52][0], 0.043
[10][53][0], 0.043
[10][54][0], 0.0
[10][55][0], 0.0
[10][56][0], 0.0
[10][57][0], 0.0
[10][58][0], 0.0
[10][59][0], 0.0
[10][60][0], 0.0
[10][61][0], 0.0
[10][62][0], 0.0
[10][63][0], 0.0

spectral_wave_density.time[11]
1511902800, 1511906400, 1511910000, 1511913600, 1511917200, 1511920800, 1511924400, 1511928000, 1511931600, 1511935200, 1511938800

spectral_wave_density.frequency[64]
0.025, 0.03, 0.035, 0.04, 0.045, 0.05, 0.055, 0.06, 0.065, 0.07, 0.075, 0.08, 0.085, 0.09, 0.095, 0.101, 0.11, 0.12, 0.13, 0.14, 0.15, 0.16, 0.17, 0.18, 0.19, 0.2, 0.21, 0.22, 0.23, 0.24, 0.25, 0.26, 0.27, 0.28, 0.29, 0.3, 0.31, 0.32, 0.33, 0.34, 0.35, 0.36, 0.37, 0.38, 0.39, 0.4, 0.41, 0.42, 0.43, 0.44, 0.45, 0.46, 0.47, 0.48, 0.49, 0.5, 0.51, 0.52, 0.53, 0.54, 0.55, 0.56, 0.57, 0.58

spectral_wave_density.latitude[1]
40.969

spectral_wave_density.longitude[1]
-71.127


mean_wave_dir.mean_wave_dir[11][64][1][1]
[0][0][0], 260
[0][1][0], 344
[0][2][0], 184
[0][3][0], 256
[0][4][0], 136
[0][5][0], 160
[0][6][0], 72
[0][7][0], 144
[0][8][0], 104
[0][9][0], 120
[0][10][0], 148
[0][11][0], 132
[0][12][0], 132
[0][13][0], 120
[0][14][0], 80
[0][15][0], 128
[0][16][0], 148
[0][17][0], 128
[0][18][0], 108
[0][19][0], 96
[0][20][0], 104
[0][21][0], 124
[0][22][0], 152
[0][23][0], 160
[0][24][0], 148
[0][25][0], 136
[0][26][0], 144
[0][27][0], 124
[0][28][0], 100
[0][29][0], 104
[0][30][0], 96
[0][31][0], 92
[0][32][0], 100
[0][33][0], 84
[0][34][0], 92
[0][35][0], 92
[0][36][0], 100
[0][37][0], 112
[0][38][0], 132
[0][39][0], 124
[0][40][0], 156
[0][41][0], 148
[0][42][0], 160
[0][43][0], 168
[0][44][0], 172
[0][45][0], 188
[0][46][0], 180
[0][47][0], 180
[0][48][0], 176
[0][49][0], 184
[0][50][0], 180
[0][51][0], 184
[0][52][0], 176
[0][53][0], 188
[0][54][0], 192
[0][55][0], 176
[0][56][0], 188
[0][57][0], 184
[0][58][0], 184
[0][59][0], 180
[0][60][0], 184
[0][61][0], 188
[0][62][0], 184
[0][63][0], 188
[1][0][0], 144
[1][1][0], 180
[1][2][0], 208
[1][3][0], 184
[1][4][0], 188
[1][5][0], 160
[1][6][0], 148
[1][7][0], 156
[1][8][0], 128
[1][9][0], 132
[1][10][0], 132
[1][11][0], 116
[1][12][0], 112
[1][13][0], 84
[1][14][0], 136
[1][15][0], 128
[1][16][0], 144
[1][17][0], 152
[1][18][0], 120
[1][19][0], 104
[1][20][0], 104
[1][21][0], 128
[1][22][0], 124
[1][23][0], 160
[1][24][0], 120
[1][25][0], 132
[1][26][0], 160
[1][27][0], 148
[1][28][0], 128
[1][29][0], 108
[1][30][0], 108
[1][31][0], 120
[1][32][0], 120
[1][33][0], 116
[1][34][0], 148
[1][35][0], 172
[1][36][0], 172
[1][37][0], 180
[1][38][0], 184
[1][39][0], 192
[1][40][0], 188
[1][41][0], 196
[1][42][0], 184
[1][43][0], 188
[1][44][0], 188
[1][45][0], 188
[1][46][0], 180
[1][47][0], 184
[1][48][0], 180
[1][49][0], 196
[1][50][0], 192
[1][51][0], 188
[1][52][0], 192
[1][53][0], 188
[1][54][0], 184
[1][55][0], 180
[1][56][0], 192
[1][57][0], 188
[1][58][0], 188
[1][59][0], 188
[1][60][0], 176
[1][61][0], 188
[1][62][0], 188
[1][63][0], 192
[2][0][0], 68
[2][1][0], 92
[2][2][0], 220
[2][3][0], 84
[2][4][0], 200
[2][5][0], 208
[2][6][0], 180
[2][7][0], 144
[2][8][0], 168
[2][9][0], 148
[2][10][0], 120
[2][11][0], 92
[2][12][0], 100
[2][13][0], 176
[2][14][0], 136
[2][15][0], 104
[2][16][0], 144
[2][17][0], 124
[2][18][0], 120
[2][19][0], 104
[2][20][0], 100
[2][21][0], 136
[2][22][0], 128
[2][23][0], 136
[2][24][0], 128
[2][25][0], 152
[2][26][0], 136
[2][27][0], 136
[2][28][0], 136
[2][29][0], 132
[2][30][0], 132
[2][31][0], 132
[2][32][0], 156
[2][33][0], 156
[2][34][0], 168
[2][35][0], 196
[2][36][0], 192
[2][37][0], 196
[2][38][0], 188
[2][39][0], 188
[2][40][0], 184
[2][41][0], 180
[2][42][0], 180
[2][43][0], 188
[2][44][0], 196
[2][45][0], 196
[2][46][0], 192
[2][47][0], 180
[2][48][0], 184
[2][49][0], 184
[2][50][0], 192
[2][51][0], 192
[2][52][0], 196
[2][53][0], 196
[2][54][0], 188
[2][55][0], 180
[2][56][0], 188
[2][57][0], 188
[2][58][0], 184
[2][59][0], 192
[2][60][0], 188
[2][61][0], 196
[2][62][0], 196
[2][63][0], 192
[3][0][0], 188
[3][1][0], 232
[3][2][0], 184
[3][3][0], 192
[3][4][0], 224
[3][5][0], 180
[3][6][0], 164
[3][7][0], 148
[3][8][0], 144
[3][9][0], 160
[3][10][0], 80
[3][11][0], 120
[3][12][0], 124
[3][13][0], 132
[3][14][0], 172
[3][15][0], 116
[3][16][0], 148
[3][17][0], 152
[3][18][0], 128
[3][19][0], 116
[3][20][0], 120
[3][21][0], 128
[3][22][0], 120
[3][23][0], 132
[3][24][0], 128
[3][25][0], 140
[3][26][0], 172
[3][27][0], 184
[3][28][0], 184
[3][29][0], 188
[3][30][0], 188
[3][31][0], 192
[3][32][0], 184
[3][33][0], 184
[3][34][0], 192
[3][35][0], 196
[3][36][0], 184
[3][37][0], 196
[3][38][0], 196
[3][39][0], 200
[3][40][0], 200
[3][41][0], 192
[3][42][0], 188
[3][43][0], 188
[3][44][0], 184
[3][45][0], 188
[3][46][0], 184
[3][47][0], 188
[3][48][0], 196
[3][49][0], 208
[3][50][0], 204
[3][51][0], 200
[3][52][0], 196
[3][53][0], 212
[3][54][0], 200
[3][55][0], 180
[3][56][0], 196
[3][57][0], 200
[3][58][0], 208
[3][59][0], 200
[3][60][0], 200
[3][61][0], 200
[3][62][0], 208
[3][63][0], 200
[4][0][0], 168
[4][1][0], 188
[4][2][0], 196
[4][3][0], 192
[4][4][0], 204
[4][5][0], 168
[4][6][0], 176
[4][7][0], 144
[4][8][0], 160
[4][9][0], 152
[4][10][0], 96
[4][11][0], 108
[4][12][0], 124
[4][13][0], 168
[4][14][0], 128
[4][15][0], 176
[4][16][0], 136
[4][17][0], 120
[4][18][0], 112
[4][19][0], 148
[4][20][0], 128
[4][21][0], 152
[4][22][0], 160
[4][23][0], 168
[4][24][0], 172
[4][25][0], 188
[4][26][0], 200
[4][27][0], 188
[4][28][0], 196
[4][29][0], 196
[4][30][0], 204
[4][31][0], 200
[4][32][0], 200
[4][33][0], 208
[4][34][0], 200
[4][35][0], 204
[4][36][0], 188
[4][37][0], 208
[4][38][0], 200
[4][39][0], 204
[4][40][0], 200
[4][41][0], 196
[4][42][0], 192
[4][43][0], 200
[4][44][0], 192
[4][45][0], 208
[4][46][0], 212
[4][47][0], 200
[4][48][0], 192
[4][49][0], 200
[4][50][0], 196
[4][51][0], 184
[4][52][0], 200
[4][53][0], 200
[4][54][0], 208
[4][55][0], 204
[4][56][0], 188
[4][57][0], 192
[4][58][0], 196
[4][59][0], 200
[4][60][0], 216
[4][61][0], 216
[4][62][0], 204
[4][63][0], 188
[5][0][0], 200
[5][1][0], 196
[5][2][0], 196
[5][3][0], 204
[5][4][0], 236
[5][5][0], 228
[5][6][0], 212
[5][7][0], 180
[5][8][0], 180
[5][9][0], 172
[5][10][0], 100
[5][11][0], 116
[5][12][0], 136
[5][13][0], 152
[5][14][0], 124
[5][15][0], 180
[5][16][0], 180
[5][17][0], 176
[5][18][0], 124
[5][19][0], 140
[5][20][0], 136
[5][21][0], 128
[5][22][0], 180
[5][23][0], 196
[5][24][0], 204
[5][25][0], 200
[5][26][0], 204
[5][27][0], 208
[5][28][0], 200
[5][29][0], 196
[5][30][0], 200
[5][31][0], 204
[5][32][0], 204
[5][33][0], 208
[5][34][0], 200
[5][35][0], 200
[5][36][0], 196
[5][37][0], 200
[5][38][0], 188
[5][39][0], 212
[5][40][0], 212
[5][41][0], 196
[5][42][0], 196
[5][43][0], 200
[5][44][0], 196
[5][45][0], 196
[5][46][0], 204
[5][47][0], 208
[5][48][0], 212
[5][49][0], 204
[5][50][0], 208
[5][51][0], 196
[5][52][0], 200
[5][53][0], 200
[5][54][0], 232
[5][55][0], 220
[5][56][0], 212
[5][57][0], 208
[5][58][0], 200
[5][59][0], 208
[5][60][0], 208
[5][61][0], 208
[5][62][0], 220
[5][63][0], 236
[6][0][0], 180
[6][1][0], 208
[6][2][0], 204
[6][3][0], 220
[6][4][0], 192
[6][5][0], 208
[6][6][0], 228
[6][7][0], 212
[6][8][0], 132
[6][9][0], 148
[6][10][0], 172
[6][11][0], 156
[6][12][0], 124
[6][13][0], 140
[6][14][0], 204
[6][15][0], 148
[6][16][0], 160
[6][17][0], 164
[6][18][0], 112
[6][19][0], 132
[6][20][0], 168
[6][21][0], 188
[6][22][0], 204
[6][23][0], 204
[6][24][0], 204
[6][25][0], 204
[6][26][0], 200
[6][27][0], 204
[6][28][0], 208
[6][29][0], 204
[6][30][0], 196
[6][31][0], 204
[6][32][0], 208
[6][33][0], 216
[6][34][0], 220
[6][35][0], 208
[6][36][0], 212
[6][37][0], 208
[6][38][0], 196
[6][39][0], 188
[6][40][0], 204
[6][41][0], 204
[6][42][0], 196
[6][43][0], 224
[6][44][0], 212
[6][45][0], 200
[6][46][0], 208
[6][47][0], 212
[6][48][0], 212
[6][49][0], 204
[6][50][0], 204
[6][51][0], 216
[6][52][0], 208
[6][53][0], 200
[6][54][0], 212
[6][55][0], 192
[6][56][0], 188
[6][57][0], 208
[6][58][0], 228
[6][59][0], 200
[6][60][0], 196
[6][61][0], 224
[6][62][0], 188
[6][63][0], 188
[7][0][0], 216
[7][1][0], 184
[7][2][0], 164
[7][3][0], 220
[7][4][0], 228
[7][5][0], 216
[7][6][0], 148
[7][7][0], 212
[7][8][0], 132
[7][9][0], 168
[7][10][0], 148
[7][11][0], 144
[7][12][0], 128
[7][13][0], 128
[7][14][0], 164
[7][15][0], 160
[7][16][0], 152
[7][17][0], 160
[7][18][0], 168
[7][19][0], 168
[7][20][0], 196
[7][21][0], 212
[7][22][0], 208
[7][23][0], 208
[7][24][0], 204
[7][25][0], 200
[7][26][0], 196
[7][27][0], 200
[7][28][0], 204
[7][29][0], 200
[7][30][0], 196
[7][31][0], 200
[7][32][0], 208
[7][33][0], 200
[7][34][0], 188
[7][35][0], 200
[7][36][0], 204
[7][37][0], 204
[7][38][0], 212
[7][39][0], 208
[7][40][0], 212
[7][41][0], 204
[7][42][0], 200
[7][43][0], 188
[7][44][0], 200
[7][45][0], 208
[7][46][0], 208
[7][47][0], 188
[7][48][0], 196
[7][49][0], 200
[7][50][0], 196
[7][51][0], 204
[7][52][0], 208
[7][53][0], 204
[7][54][0], 196
[7][55][0], 188
[7][56][0], 184
[7][57][0], 208
[7][58][0], 200
[7][59][0], 200
[7][60][0], 208
[7][61][0], 208
[7][62][0], 204
[7][63][0], 228
[8][0][0], 192
[8][1][0], 184
[8][2][0], 204
[8][3][0], 200
[8][4][0], 224
[8][5][0], 208
[8][6][0], 196
[8][7][0], 184
[8][8][0], 216
[8][9][0], 128
[8][10][0], 120
[8][11][0], 172
[8][12][0], 128
[8][13][0], 160
[8][14][0], 148
[8][15][0], 196
[8][16][0], 156
[8][17][0], 160
[8][18][0], 164
[8][19][0], 176
[8][20][0], 196
[8][21][0], 208
[8][22][0], 204
[8][23][0], 204
[8][24][0], 204
[8][25][0], 204
[8][26][0], 204
[8][27][0], 204
[8][28][0], 204
[8][29][0], 200
[8][30][0], 200
[8][31][0], 200
[8][32][0], 200
[8][33][0], 204
[8][34][0], 200
[8][35][0], 208
[8][36][0], 204
[8][37][0], 200
[8][38][0], 200
[8][39][0], 204
[8][40][0], 204
[8][41][0], 188
[8][42][0], 196
[8][43][0], 196
[8][44][0], 188
[8][45][0], 208
[8][46][0], 196
[8][47][0], 196
[8][48][0], 200
[8][49][0], 212
[8][50][0], 200
[8][51][0], 196
[8][52][0], 196
[8][53][0], 212
[8][54][0], 196
[8][55][0], 176
[8][56][0], 196
[8][57][0], 188
[8][58][0], 192
[8][59][0], 192
[8][60][0], 180
[8][61][0], 188
[8][62][0], 188
[8][63][0], 212
[9][0][0], 208
[9][1][0], 220
[9][2][0], 160
[9][3][0], 204
[9][4][0], 188
[9][5][0], 184
[9][6][0], 152
[9][7][0], 184
[9][8][0], 160
[9][9][0], 180
[9][10][0], 148
[9][11][0], 152
[9][12][0], 152
[9][13][0], 204
[9][14][0], 172
[9][15][0], 180
[9][16][0], 168
[9][17][0], 200
[9][18][0], 180
[9][19][0], 208
[9][20][0], 204
[9][21][0], 212
[9][22][0], 212
[9][23][0], 212
[9][24][0], 208
[9][25][0], 204
[9][26][0], 204
[9][27][0], 200
[9][28][0], 200
[9][29][0], 200
[9][30][0], 204
[9][31][0], 204
[9][32][0], 200
[9][33][0], 204
[9][34][0], 204
[9][35][0], 212
[9][36][0], 200
[9][37][0], 204
[9][38][0], 200
[9][39][0], 188
[9][40][0], 208
[9][41][0], 212
[9][42][0], 196
[9][43][0], 192
[9][44][0], 200
[9][45][0], 192
[9][46][0], 188
[9][47][0], 208
[9][48][0], 220
[9][49][0], 208
[9][50][0], 196
[9][51][0], 204
[9][52][0], 196
[9][53][0], 196
[9][54][0], 204
[9][55][0], 208
[9][56][0], 204
[9][57][0], 192
[9][58][0], 188
[9][59][0], 172
[9][60][0], 180
[9][61][0], 184
[9][62][0], 212
[9][63][0], 220
[10][0][0], 192
[10][1][0], 204
[10][2][0], 208
[10][3][0], 200
[10][4][0], 220
[10][5][0], 212
[10][6][0], 180
[10][7][0], 220
[10][8][0], 196
[10][9][0], 216
[10][10][0], 192
[10][11][0], 184
[10][12][0], 172
[10][13][0], 140
[10][14][0], 180
[10][15][0], 156
[10][16][0], 188
[10][17][0], 180
[10][18][0], 180
[10][19][0], 204
[10][20][0], 216
[10][21][0], 212
[10][22][0], 208
[10][23][0], 208
[10][24][0], 212
[10][25][0], 208
[10][26][0], 208
[10][27][0], 200
[10][28][0], 196
[10][29][0], 204
[10][30][0], 200
[10][31][0], 208
[10][32][0], 204
[10][33][0], 204
[10][34][0], 204
[10][35][0], 208
[10][36][0], 216
[10][37][0], 204
[10][38][0], 200
[10][39][0], 208
[10][40][0], 212
[10][41][0], 204
[10][42][0], 204
[10][43][0], 200
[10][44][0], 200
[10][45][0], 200
[10][46][0], 200
[10][47][0], 216
[10][48][0], 220
[10][49][0], 208
[10][50][0], 212
[10][51][0], 196
[10][52][0], 200
[10][53][0], 184
[10][54][0], 212
[10][55][0], 204
[10][56][0], 204
[10][57][0], 212
[10][58][0], 212
[10][59][0], 184
[10][60][0], 224
[10][61][0], 216
[10][62][0], 216
[10][63][0], 204

mean_wave_dir.time[11]
1511902800, 1511906400, 1511910000, 1511913600, 1511917200, 1511920800, 1511924400, 1511928000, 1511931600, 1511935200, 1511938800

mean_wave_dir.frequency[64]
0.025, 0.03, 0.035, 0.04, 0.045, 0.05, 0.055, 0.06, 0.065, 0.07, 0.075, 0.08, 0.085, 0.09, 0.095, 0.101, 0.11, 0.12, 0.13, 0.14, 0.15, 0.16, 0.17, 0.18, 0.19, 0.2, 0.21, 0.22, 0.23, 0.24, 0.25, 0.26, 0.27, 0.28, 0.29, 0.3, 0.31, 0.32, 0.33, 0.34, 0.35, 0.36, 0.37, 0.38, 0.39, 0.4, 0.41, 0.42, 0.43, 0.44, 0.45, 0.46, 0.47, 0.48, 0.49, 0.5, 0.51, 0.52, 0.53, 0.54, 0.55, 0.56, 0.57, 0.58

mean_wave_dir.latitude[1]
40.969

mean_wave_dir.longitude[1]
-71.127


principal_wave_dir.principal_wave_dir[11][64][1][1]
[0][0][0], 216
[0][1][0], 0
[0][2][0], 212
[0][3][0], 200
[0][4][0], 192
[0][5][0], 168
[0][6][0], 0
[0][7][0], 192
[0][8][0], 128
[0][9][0], 164
[0][10][0], 152
[0][11][0], 156
[0][12][0], 160
[0][13][0], 180
[0][14][0], 56
[0][15][0], 184
[0][16][0], 180
[0][17][0], 132
[0][18][0], 88
[0][19][0], 88
[0][20][0], 96
[0][21][0], 108
[0][22][0], 156
[0][23][0], 200
[0][24][0], 216
[0][25][0], 88
[0][26][0], 104
[0][27][0], 92
[0][28][0], 88
[0][29][0], 84
[0][30][0], 88
[0][31][0], 88
[0][32][0], 88
[0][33][0], 76
[0][34][0], 84
[0][35][0], 80
[0][36][0], 88
[0][37][0], 96
[0][38][0], 56
[0][39][0], 92
[0][40][0], 168
[0][41][0], 160
[0][42][0], 168
[0][43][0], 168
[0][44][0], 172
[0][45][0], 192
[0][46][0], 180
[0][47][0], 180
[0][48][0], 180
[0][49][0], 188
[0][50][0], 180
[0][51][0], 188
[0][52][0], 180
[0][53][0], 192
[0][54][0], 196
[0][55][0], 180
[0][56][0], 192
[0][57][0], 184
[0][58][0], 192
[0][59][0], 184
[0][60][0], 188
[0][61][0], 192
[0][62][0], 188
[0][63][0], 188
[1][0][0], 216
[1][1][0], 212
[1][2][0], 192
[1][3][0], 188
[1][4][0], 204
[1][5][0], 196
[1][6][0], 180
[1][7][0], 196
[1][8][0], 48
[1][9][0], 140
[1][10][0], 144
[1][11][0], 116
[1][12][0], 200
[1][13][0], 52
[1][14][0], 184
[1][15][0], 112
[1][16][0], 176
[1][17][0], 192
[1][18][0], 124
[1][19][0], 84
[1][20][0], 88
[1][21][0], 104
[1][22][0], 100
[1][23][0], 224
[1][24][0], 72
[1][25][0], 72
[1][26][0], 236
[1][27][0], 76
[1][28][0], 104
[1][29][0], 92
[1][30][0], 92
[1][31][0], 116
[1][32][0], 116
[1][33][0], 84
[1][34][0], 72
[1][35][0], 200
[1][36][0], 184
[1][37][0], 180
[1][38][0], 192
[1][39][0], 192
[1][40][0], 192
[1][41][0], 196
[1][42][0], 188
[1][43][0], 192
[1][44][0], 192
[1][45][0], 192
[1][46][0], 176
[1][47][0], 184
[1][48][0], 180
[1][49][0], 204
[1][50][0], 196
[1][51][0], 188
[1][52][0], 192
[1][53][0], 192
[1][54][0], 184
[1][55][0], 176
[1][56][0], 192
[1][57][0], 192
[1][58][0], 196
[1][59][0], 184
[1][60][0], 172
[1][61][0], 188
[1][62][0], 188
[1][63][0], 188
[2][0][0], 148
[2][1][0], 80
[2][2][0], 228
[2][3][0], 24
[2][4][0], 196
[2][5][0], 212
[2][6][0], 212
[2][7][0], 196
[2][8][0], 188
[2][9][0], 164
[2][10][0], 152
[2][11][0], 108
[2][12][0], 168
[2][13][0], 216
[2][14][0], 160
[2][15][0], 24
[2][16][0], 184
[2][17][0], 100
[2][18][0], 112
[2][19][0], 88
[2][20][0], 92
[2][21][0], 136
[2][22][0], 116
[2][23][0], 120
[2][24][0], 116
[2][25][0], 180
[2][26][0], 88
[2][27][0], 84
[2][28][0], 124
[2][29][0], 112
[2][30][0], 96
[2][31][0], 112
[2][32][0], 228
[2][33][0], 156
[2][34][0], 176
[2][35][0], 212
[2][36][0], 200
[2][37][0], 200
[2][38][0], 188
[2][39][0], 196
[2][40][0], 184
[2][41][0], 184
[2][42][0], 180
[2][43][0], 188
[2][44][0], 196
[2][45][0], 200
[2][46][0], 200
[2][47][0], 184
[2][48][0], 184
[2][49][0], 184
[2][50][0], 192
[2][51][0], 192
[2][52][0], 200
[2][53][0], 200
[2][54][0], 192
[2][55][0], 172
[2][56][0], 184
[2][57][0], 188
[2][58][0], 180
[2][59][0], 196
[2][60][0], 188
[2][61][0], 196
[2][62][0], 200
[2][63][0], 188
[3][0][0], 188
[3][1][0], 180
[3][2][0], 168
[3][3][0], 200
[3][4][0], 212
[3][5][0], 204
[3][6][0], 200
[3][7][0], 200
[3][8][0], 64
[3][9][0], 196
[3][10][0], 24
[3][11][0], 28
[3][12][0], 116
[3][13][0], 168
[3][14][0], 228
[3][15][0], 44
[3][16][0], 156
[3][17][0], 172
[3][18][0], 132
[3][19][0], 108
[3][20][0], 116
[3][21][0], 56
[3][22][0], 80
[3][23][0], 52
[3][24][0], 96
[3][25][0], 120
[3][26][0], 200
[3][27][0], 208
[3][28][0], 204
[3][29][0], 192
[3][30][0], 188
[3][31][0], 192
[3][32][0], 188
[3][33][0], 188
[3][34][0], 196
[3][35][0], 196
[3][36][0], 180
[3][37][0], 196
[3][38][0], 196
[3][39][0], 200
[3][40][0], 200
[3][41][0], 192
[3][42][0], 188
[3][43][0], 188
[3][44][0], 184
[3][45][0], 192
[3][46][0], 184
[3][47][0], 188
[3][48][0], 192
[3][49][0], 236
[3][50][0], 208
[3][51][0], 212
[3][52][0], 192
[3][53][0], 216
[3][54][0], 208
[3][55][0], 172
[3][56][0], 184
[3][57][0], 216
[3][58][0], 228
[3][59][0], 224
[3][60][0], 204
[3][61][0], 196
[3][62][0], 240
[3][63][0], 204
[4][0][0], 164
[4][1][0], 192
[4][2][0], 248
[4][3][0], 248
[4][4][0], 212
[4][5][0], 184
[4][6][0], 208
[4][7][0], 208
[4][8][0], 192
[4][9][0], 188
[4][10][0], 104
[4][11][0], 88
[4][12][0], 132
[4][13][0], 232
[4][14][0], 76
[4][15][0], 208
[4][16][0], 212
[4][17][0], 100
[4][18][0], 80
[4][19][0], 188
[4][20][0], 120
[4][21][0], 164
[4][22][0], 168
[4][23][0], 244
[4][24][0], 204
[4][25][0], 196
[4][26][0], 204
[4][27][0], 188
[4][28][0], 196
[4][29][0], 196
[4][30][0], 208
[4][31][0], 204
[4][32][0], 204
[4][33][0], 212
[4][34][0], 204
[4][35][0], 216
[4][36][0], 184
[4][37][0], 216
[4][38][0], 204
[4][39][0], 200
[4][40][0], 200
[4][41][0], 192
[4][42][0], 192
[4][43][0], 212
[4][44][0], 188
[4][45][0], 216
[4][46][0], 228
[4][47][0], 204
[4][48][0], 188
[4][49][0], 256
[4][50][0], 168
[4][51][0], 180
[4][52][0], 184
[4][53][0], 212
[4][54][0], 212
[4][55][0], 204
[4][56][0], 172
[4][57][0], 176
[4][58][0], 188
[4][59][0], 184
[4][60][0], 260
[4][61][0], 228
[4][62][0], 204
[4][63][0], 164
[5][0][0], 196
[5][1][0], 180
[5][2][0], 196
[5][3][0], 212
[5][4][0], 280
[5][5][0], 244
[5][6][0], 220
[5][7][0], 216
[5][8][0], 184
[5][9][0], 188
[5][10][0], 20
[5][11][0], 112
[5][12][0], 160
[5][13][0], 200
[5][14][0], 92
[5][15][0], 184
[5][16][0], 204
[5][17][0], 196
[5][18][0], 60
[5][19][0], 152
[5][20][0], 140
[5][21][0], 92
[5][22][0], 192
[5][23][0], 200
[5][24][0], 208
[5][25][0], 204
[5][26][0], 204
[5][27][0], 208
[5][28][0], 200
[5][29][0], 192
[5][30][0], 200
[5][31][0], 208
[5][32][0], 208
[5][33][0], 216
[5][34][0], 200
[5][35][0], 200
[5][36][0], 196
[5][37][0], 200
[5][38][0], 184
[5][39][0], 220
[5][40][0], 220
[5][41][0], 180
[5][42][0], 192
[5][43][0], 200
[5][44][0], 192
[5][45][0], 192
[5][46][0], 216
[5][47][0], 212
[5][48][0], 220
[5][49][0], 220
[5][50][0], 260
[5][51][0], 132
[5][52][0], 176
[5][53][0], 196
[5][54][0], 264
[5][55][0], 268
[5][56][0], 252
[5][57][0], 228
[5][58][0], 136
[5][59][0], 296
[5][60][0], 292
[5][61][0], 260
[5][62][0], 276
[5][63][0], 268
[6][0][0], 228
[6][1][0], 236
[6][2][0], 200
[6][3][0], 220
[6][4][0], 212
[6][5][0], 236
[6][6][0], 224
[6][7][0], 184
[6][8][0], 84
[6][9][0], 72
[6][10][0], 200
[6][11][0], 220
[6][12][0], 172
[6][13][0], 112
[6][14][0], 212
[6][15][0], 108
[6][16][0], 164
[6][17][0], 192
[6][18][0], 80
[6][19][0], 104
[6][20][0], 180
[6][21][0], 208
[6][22][0], 204
[6][23][0], 204
[6][24][0], 204
[6][25][0], 204
[6][26][0], 200
[6][27][0], 204
[6][28][0], 212
[6][29][0], 204
[6][30][0], 192
[6][31][0], 204
[6][32][0], 208
[6][33][0], 224
[6][34][0], 228
[6][35][0], 208
[6][36][0], 216
[6][37][0], 212
[6][38][0], 192
[6][39][0], 180
[6][40][0], 208
[6][41][0], 208
[6][42][0], 204
[6][43][0], 232
[6][44][0], 224
[6][45][0], 188
[6][46][0], 292
[6][47][0], 224
[6][48][0], 212
[6][49][0], 196
[6][50][0], 212
[6][51][0], 276
[6][52][0], 288
[6][53][0], 188
[6][54][0], 224
[6][55][0], 136
[6][56][0], 156
[6][57][0], 288
[6][58][0], 264
[6][59][0], 128
[6][60][0], 144
[6][61][0], 280
[6][62][0], 136
[6][63][0], 164
[7][0][0], 292
[7][1][0], 164
[7][2][0], 212
[7][3][0], 232
[7][4][0], 284
[7][5][0], 208
[7][6][0], 204
[7][7][0], 204
[7][8][0], 116
[7][9][0], 136
[7][10][0], 196
[7][11][0], 192
[7][12][0], 84
[7][13][0], 216
[7][14][0], 172
[7][15][0], 232
[7][16][0], 176
[7][17][0], 240
[7][18][0], 196
[7][19][0], 84
[7][20][0], 244
[7][21][0], 220
[7][22][0], 216
[7][23][0], 208
[7][24][0], 208
[7][25][0], 200
[7][26][0], 196
[7][27][0], 196
[7][28][0], 204
[7][29][0], 196
[7][30][0], 196
[7][31][0], 196
[7][32][0], 208
[7][33][0], 200
[7][34][0], 180
[7][35][0], 200
[7][36][0], 204
[7][37][0], 208
[7][38][0], 224
[7][39][0], 208
[7][40][0], 216
[7][41][0], 200
[7][42][0], 200
[7][43][0], 184
[7][44][0], 196
[7][45][0], 216
[7][46][0], 208
[7][47][0], 176
[7][48][0], 192
[7][49][0], 120
[7][50][0], 160
[7][51][0], 200
[7][52][0], 248
[7][53][0], 120
[7][54][0], 156
[7][55][0], 160
[7][56][0], 140
[7][57][0], 296
[7][58][0], 204
[7][59][0], 200
[7][60][0], 212
[7][61][0], 224
[7][62][0], 280
[7][63][0], 248
[8][0][0], 192
[8][1][0], 176
[8][2][0], 200
[8][3][0], 220
[8][4][0], 224
[8][5][0], 216
[8][6][0], 208
[8][7][0], 196
[8][8][0], 188
[8][9][0], 124
[8][10][0], 56
[8][11][0], 188
[8][12][0], 204
[8][13][0], 172
[8][14][0], 164
[8][15][0], 196
[8][16][0], 188
[8][17][0], 184
[8][18][0], 192
[8][19][0], 232
[8][20][0], 216
[8][21][0], 216
[8][22][0], 204
[8][23][0], 204
[8][24][0], 204
[8][25][0], 208
[8][26][0], 200
[8][27][0], 204
[8][28][0], 204
[8][29][0], 200
[8][30][0], 196
[8][31][0], 196
[8][32][0], 196
[8][33][0], 200
[8][34][0], 196
[8][35][0], 208
[8][36][0], 208
[8][37][0], 200
[8][38][0], 196
[8][39][0], 208
[8][40][0], 208
[8][41][0], 180
[8][42][0], 192
[8][43][0], 196
[8][44][0], 172
[8][45][0], 208
[8][46][0], 164
[8][47][0], 160
[8][48][0], 172
[8][49][0], 264
[8][50][0], 208
[8][51][0], 152
[8][52][0], 184
[8][53][0], 232
[8][54][0], 124
[8][55][0], 140
[8][56][0], 180
[8][57][0], 168
[8][58][0], 156
[8][59][0], 164
[8][60][0], 152
[8][61][0], 132
[8][62][0], 152
[8][63][0], 252
[9][0][0], 196
[9][1][0], 212
[9][2][0], 140
[9][3][0], 188
[9][4][0], 176
[9][5][0], 184
[9][6][0], 152
[9][7][0], 188
[9][8][0], 220
[9][9][0], 188
[9][10][0], 152
[9][11][0], 148
[9][12][0], 176
[9][13][0], 228
[9][14][0], 196
[9][15][0], 180
[9][16][0], 212
[9][17][0], 216
[9][18][0], 224
[9][19][0], 220
[9][20][0], 208
[9][21][0], 216
[9][22][0], 212
[9][23][0], 216
[9][24][0], 212
[9][25][0], 204
[9][26][0], 208
[9][27][0], 200
[9][28][0], 200
[9][29][0], 200
[9][30][0], 204
[9][31][0], 204
[9][32][0], 204
[9][33][0], 204
[9][34][0], 204
[9][35][0], 236
[9][36][0], 204
[9][37][0], 208
[9][38][0], 196
[9][39][0], 168
[9][40][0], 220
[9][41][0], 224
[9][42][0], 192
[9][43][0], 164
[9][44][0], 204
[9][45][0], 168
[9][46][0], 168
[9][47][0], 200
[9][48][0], 288
[9][49][0], 256
[9][50][0], 288
[9][51][0], 252
[9][52][0], 116
[9][53][0], 164
[9][54][0], 256
[9][55][0], 284
[9][56][0], 116
[9][57][0], 144
[9][58][0], 128
[9][59][0], 148
[9][60][0], 136
[9][61][0], 132
[9][62][0], 300
[9][63][0], 260
[10][0][0], 184
[10][1][0], 192
[10][2][0], 244
[10][3][0], 232
[10][4][0], 228
[10][5][0], 220
[10][6][0], 168
[10][7][0], 212
[10][8][0], 136
[10][9][0], 200
[10][10][0], 184
[10][11][0], 184
[10][12][0], 160
[10][13][0], 184
[10][14][0], 184
[10][15][0], 76
[10][16][0], 204
[10][17][0], 208
[10][18][0], 192
[10][19][0], 216
[10][20][0], 220
[10][21][0], 212
[10][22][0], 208
[10][23][0], 208
[10][24][0], 212
[10][25][0], 212
[10][26][0], 212
[10][27][0], 200
[10][28][0], 192
[10][29][0], 192
[10][30][0], 200
[10][31][0], 212
[10][32][0], 200
[10][33][0], 200
[10][34][0], 204
[10][35][0], 208
[10][36][0], 224
[10][37][0], 208
[10][38][0], 196
[10][39][0], 212
[10][40][0], 224
[10][41][0], 204
[10][42][0], 200
[10][43][0], 160
[10][44][0], 288
[10][45][0], 192
[10][46][0], 192
[10][47][0], 220
[10][48][0], 252
[10][49][0], 276
[10][50][0], 292
[10][51][0], 184
[10][52][0], 140
[10][53][0], 144
[10][54][0], 288
[10][55][0], 128
[10][56][0], 116
[10][57][0], 284
[10][58][0], 284
[10][59][0], 112
[10][60][0], 264
[10][61][0], 284
[10][62][0], 248
[10][63][0], 116

principal_wave_dir.time[11]
1511902800, 1511906400, 1511910000, 1511913600, 1511917200, 1511920800, 1511924400, 1511928000, 1511931600, 1511935200, 1511938800

principal_wave_dir.frequency[64]
0.025, 0.03, 0.035, 0.04, 0.045, 0.05, 0.055, 0.06, 0.065, 0.07, 0.075, 0.08, 0.085, 0.09, 0.095, 0.101, 0.11, 0.12, 0.13, 0.14, 0.15, 0.16, 0.17, 0.18, 0.19, 0.2, 0.21, 0.22, 0.23, 0.24, 0.25, 0.26, 0.27, 0.28, 0.29, 0.3, 0.31, 0.32, 0.33, 0.34, 0.35, 0.36, 0.37, 0.38, 0.39, 0.4, 0.41, 0.42, 0.43, 0.44, 0.45, 0.46, 0.47, 0.48, 0.49, 0.5, 0.51, 0.52, 0.53, 0.54, 0.55, 0.56, 0.57, 0.58

principal_wave_dir.latitude[1]
40.969

principal_wave_dir.longitude[1]
-71.127


wave_spectrum_r1.wave_spectrum_r1[11][64][1][1]
[0][0][0], 0.25
[0][1][0], 0.17
[0][2][0], 0.22
[0][3][0], 0.29
[0][4][0], 0.1
[0][5][0], 0.19
[0][6][0], 0.24
[0][7][0], 0.23
[0][8][0], 0.3
[0][9][0], 0.49
[0][10][0], 0.66
[0][11][0], 0.67
[0][12][0], 0.57
[0][13][0], 0.34
[0][14][0], 0.59
[0][15][0], 0.5
[0][16][0], 0.53
[0][17][0], 0.69
[0][18][0], 0.64
[0][19][0], 0.8
[0][20][0], 0.74
[0][21][0], 0.66
[0][22][0], 0.68
[0][23][0], 0.68
[0][24][0], 0.61
[0][25][0], 0.53
[0][26][0], 0.61
[0][27][0], 0.56
[0][28][0], 0.73
[0][29][0], 0.69
[0][30][0], 0.79
[0][31][0], 0.68
[0][32][0], 0.7
[0][33][0], 0.63
[0][34][0], 0.64
[0][35][0], 0.66
[0][36][0], 0.72
[0][37][0], 0.69
[0][38][0], 0.53
[0][39][0], 0.59
[0][40][0], 0.73
[0][41][0], 0.71
[0][42][0], 0.69
[0][43][0], 0.84
[0][44][0], 0.82
[0][45][0], 0.84
[0][46][0], 0.83
[0][47][0], 0.89
[0][48][0], 0.89
[0][49][0], 0.87
[0][50][0], 0.86
[0][51][0], 0.83
[0][52][0], 0.88
[0][53][0], 0.88
[0][54][0], 0.83
[0][55][0], 0.78
[0][56][0], 0.85
[0][57][0], 0.87
[0][58][0], 0.75
[0][59][0], 0.76
[0][60][0], 0.79
[0][61][0], 0.89
[0][62][0], 0.9
[0][63][0], 0.85
[1][0][0], 0.15
[1][1][0], 0.4
[1][2][0], 0.45
[1][3][0], 0.34
[1][4][0], 0.17
[1][5][0], 0.34
[1][6][0], 0.23
[1][7][0], 0.49
[1][8][0], 0.1
[1][9][0], 0.7
[1][10][0], 0.7
[1][11][0], 0.72
[1][12][0], 0.12
[1][13][0], 0.49
[1][14][0], 0.43
[1][15][0], 0.4
[1][16][0], 0.52
[1][17][0], 0.55
[1][18][0], 0.68
[1][19][0], 0.68
[1][20][0], 0.67
[1][21][0], 0.68
[1][22][0], 0.65
[1][23][0], 0.53
[1][24][0], 0.57
[1][25][0], 0.47
[1][26][0], 0.42
[1][27][0], 0.44
[1][28][0], 0.64
[1][29][0], 0.68
[1][30][0], 0.68
[1][31][0], 0.71
[1][32][0], 0.73
[1][33][0], 0.59
[1][34][0], 0.59
[1][35][0], 0.66
[1][36][0], 0.79
[1][37][0], 0.86
[1][38][0], 0.84
[1][39][0], 0.85
[1][40][0], 0.9
[1][41][0], 0.89
[1][42][0], 0.89
[1][43][0], 0.88
[1][44][0], 0.85
[1][45][0], 0.8
[1][46][0], 0.8
[1][47][0], 0.83
[1][48][0], 0.83
[1][49][0], 0.82
[1][50][0], 0.86
[1][51][0], 0.76
[1][52][0], 0.83
[1][53][0], 0.82
[1][54][0], 0.85
[1][55][0], 0.88
[1][56][0], 0.83
[1][57][0], 0.81
[1][58][0], 0.78
[1][59][0], 0.79
[1][60][0], 0.83
[1][61][0], 0.76
[1][62][0], 0.82
[1][63][0], 0.79
[2][0][0], 0.32
[2][1][0], 0.17
[2][2][0], 0.68
[2][3][0], 0.2
[2][4][0], 0.15
[2][5][0], 0.2
[2][6][0], 0.35
[2][7][0], 0.3
[2][8][0], 0.21
[2][9][0], 0.54
[2][10][0], 0.43
[2][11][0], 0.71
[2][12][0], 0.42
[2][13][0], 0.53
[2][14][0], 0.56
[2][15][0], 0.44
[2][16][0], 0.57
[2][17][0], 0.64
[2][18][0], 0.74
[2][19][0], 0.74
[2][20][0], 0.72
[2][21][0], 0.65
[2][22][0], 0.71
[2][23][0], 0.61
[2][24][0], 0.68
[2][25][0], 0.65
[2][26][0], 0.62
[2][27][0], 0.48
[2][28][0], 0.67
[2][29][0], 0.69
[2][30][0], 0.63
[2][31][0], 0.66
[2][32][0], 0.58
[2][33][0], 0.71
[2][34][0], 0.69
[2][35][0], 0.74
[2][36][0], 0.85
[2][37][0], 0.88
[2][38][0], 0.88
[2][39][0], 0.84
[2][40][0], 0.86
[2][41][0], 0.83
[2][42][0], 0.82
[2][43][0], 0.92
[2][44][0], 0.8
[2][45][0], 0.84
[2][46][0], 0.79
[2][47][0], 0.83
[2][48][0], 0.85
[2][49][0], 0.83
[2][50][0], 0.76
[2][51][0], 0.86
[2][52][0], 0.8
[2][53][0], 0.81
[2][54][0], 0.6
[2][55][0], 0.74
[2][56][0], 0.78
[2][57][0], 0.81
[2][58][0], 0.77
[2][59][0], 0.76
[2][60][0], 0.84
[2][61][0], 0.83
[2][62][0], 0.75
[2][63][0], 0.76
[3][0][0], 0.49
[3][1][0], 0.29
[3][2][0], 0.4
[3][3][0], 0.43
[3][4][0], 0.46
[3][5][0], 0.39
[3][6][0], 0.41
[3][7][0], 0.48
[3][8][0], 0.34
[3][9][0], 0.31
[3][10][0], 0.42
[3][11][0], 0.24
[3][12][0], 0.77
[3][13][0], 0.42
[3][14][0], 0.35
[3][15][0], 0.42
[3][16][0], 0.56
[3][17][0], 0.66
[3][18][0], 0.67
[3][19][0], 0.62
[3][20][0], 0.77
[3][21][0], 0.56
[3][22][0], 0.64
[3][23][0], 0.44
[3][24][0], 0.64
[3][25][0], 0.64
[3][26][0], 0.67
[3][27][0], 0.68
[3][28][0], 0.71
[3][29][0], 0.89
[3][30][0], 0.87
[3][31][0], 0.89
[3][32][0], 0.88
[3][33][0], 0.89
[3][34][0], 0.91
[3][35][0], 0.85
[3][36][0], 0.85
[3][37][0], 0.88
[3][38][0], 0.85
[3][39][0], 0.82
[3][40][0], 0.85
[3][41][0], 0.9
[3][42][0], 0.87
[3][43][0], 0.84
[3][44][0], 0.85
[3][45][0], 0.88
[3][46][0], 0.85
[3][47][0], 0.84
[3][48][0], 0.82
[3][49][0], 0.7
[3][50][0], 0.81
[3][51][0], 0.78
[3][52][0], 0.74
[3][53][0], 0.83
[3][54][0], 0.78
[3][55][0], 0.81
[3][56][0], 0.7
[3][57][0], 0.73
[3][58][0], 0.73
[3][59][0], 0.66
[3][60][0], 0.81
[3][61][0], 0.79
[3][62][0], 0.69
[3][63][0], 0.73
[4][0][0], 0.53
[4][1][0], 0.57
[4][2][0], 0.4
[4][3][0], 0.5
[4][4][0], 0.37
[4][5][0], 0.46
[4][6][0], 0.18
[4][7][0], 0.35
[4][8][0], 0.41
[4][9][0], 0.44
[4][10][0], 0.35
[4][11][0], 0.68
[4][12][0], 0.67
[4][13][0], 0.17
[4][14][0], 0.44
[4][15][0], 0.49
[4][16][0], 0.39
[4][17][0], 0.66
[4][18][0], 0.61
[4][19][0], 0.6
[4][20][0], 0.7
[4][21][0], 0.62
[4][22][0], 0.69
[4][23][0], 0.59
[4][24][0], 0.63
[4][25][0], 0.77
[4][26][0], 0.82
[4][27][0], 0.88
[4][28][0], 0.93
[4][29][0], 0.92
[4][30][0], 0.88
[4][31][0], 0.92
[4][32][0], 0.89
[4][33][0], 0.85
[4][34][0], 0.82
[4][35][0], 0.78
[4][36][0], 0.83
[4][37][0], 0.83
[4][38][0], 0.83
[4][39][0], 0.84
[4][40][0], 0.83
[4][41][0], 0.88
[4][42][0], 0.87
[4][43][0], 0.71
[4][44][0], 0.77
[4][45][0], 0.78
[4][46][0], 0.72
[4][47][0], 0.74
[4][48][0], 0.78
[4][49][0], 0.63
[4][50][0], 0.7
[4][51][0], 0.81
[4][52][0], 0.72
[4][53][0], 0.71
[4][54][0], 0.69
[4][55][0], 0.73
[4][56][0], 0.69
[4][57][0], 0.71
[4][58][0], 0.68
[4][59][0], 0.64
[4][60][0], 0.59
[4][61][0], 0.66
[4][62][0], 0.75
[4][63][0], 0.67
[5][0][0], 0.56
[5][1][0], 0.46
[5][2][0], 0.76
[5][3][0], 0.69
[5][4][0], 0.57
[5][5][0], 0.62
[5][6][0], 0.59
[5][7][0], 0.49
[5][8][0], 0.59
[5][9][0], 0.51
[5][10][0], 0.31
[5][11][0], 0.73
[5][12][0], 0.58
[5][13][0], 0.32
[5][14][0], 0.44
[5][15][0], 0.54
[5][16][0], 0.4
[5][17][0], 0.48
[5][18][0], 0.42
[5][19][0], 0.6
[5][20][0], 0.59
[5][21][0], 0.63
[5][22][0], 0.7
[5][23][0], 0.85
[5][24][0], 0.86
[5][25][0], 0.9
[5][26][0], 0.91
[5][27][0], 0.91
[5][28][0], 0.93
[5][29][0], 0.9
[5][30][0], 0.85
[5][31][0], 0.92
[5][32][0], 0.88
[5][33][0], 0.82
[5][34][0], 0.78
[5][35][0], 0.87
[5][36][0], 0.87
[5][37][0], 0.84
[5][38][0], 0.81
[5][39][0], 0.77
[5][40][0], 0.76
[5][41][0], 0.69
[5][42][0], 0.78
[5][43][0], 0.82
[5][44][0], 0.82
[5][45][0], 0.79
[5][46][0], 0.74
[5][47][0], 0.69
[5][48][0], 0.77
[5][49][0], 0.72
[5][50][0], 0.61
[5][51][0], 0.59
[5][52][0], 0.66
[5][53][0], 0.73
[5][54][0], 0.67
[5][55][0], 0.62
[5][56][0], 0.66
[5][57][0], 0.69
[5][58][0], 0.57
[5][59][0], 0.48
[5][60][0], 0.51
[5][61][0], 0.6
[5][62][0], 0.53
[5][63][0], 0.6
[6][0][0], 0.25
[6][1][0], 0.26
[6][2][0], 0.57
[6][3][0], 0.79
[6][4][0], 0.57
[6][5][0], 0.5
[6][6][0], 0.52
[6][7][0], 0.45
[6][8][0], 0.29
[6][9][0], 0.24
[6][10][0], 0.37
[6][11][0], 0.45
[6][12][0], 0.36
[6][13][0], 0.58
[6][14][0], 0.53
[6][15][0], 0.45
[6][16][0], 0.59
[6][17][0], 0.59
[6][18][0], 0.56
[6][19][0], 0.63
[6][20][0], 0.68
[6][21][0], 0.63
[6][22][0], 0.86
[6][23][0], 0.94
[6][24][0], 0.94
[6][25][0], 0.91
[6][26][0], 0.95
[6][27][0], 0.89
[6][28][0], 0.85
[6][29][0], 0.89
[6][30][0], 0.87
[6][31][0], 0.82
[6][32][0], 0.91
[6][33][0], 0.77
[6][34][0], 0.78
[6][35][0], 0.89
[6][36][0], 0.84
[6][37][0], 0.86
[6][38][0], 0.8
[6][39][0], 0.81
[6][40][0], 0.85
[6][41][0], 0.82
[6][42][0], 0.7
[6][43][0], 0.76
[6][44][0], 0.71
[6][45][0], 0.71
[6][46][0], 0.63
[6][47][0], 0.73
[6][48][0], 0.74
[6][49][0], 0.76
[6][50][0], 0.73
[6][51][0], 0.57
[6][52][0], 0.63
[6][53][0], 0.69
[6][54][0], 0.65
[6][55][0], 0.57
[6][56][0], 0.61
[6][57][0], 0.57
[6][58][0], 0.62
[6][59][0], 0.57
[6][60][0], 0.56
[6][61][0], 0.55
[6][62][0], 0.58
[6][63][0], 0.64
[7][0][0], 0.48
[7][1][0], 0.62
[7][2][0], 0.3
[7][3][0], 0.5
[7][4][0], 0.42
[7][5][0], 0.65
[7][6][0], 0.41
[7][7][0], 0.5
[7][8][0], 0.35
[7][9][0], 0.49
[7][10][0], 0.41
[7][11][0], 0.5
[7][12][0], 0.36
[7][13][0], 0.32
[7][14][0], 0.53
[7][15][0], 0.24
[7][16][0], 0.55
[7][17][0], 0.49
[7][18][0], 0.46
[7][19][0], 0.53
[7][20][0], 0.5
[7][21][0], 0.74
[7][22][0], 0.81
[7][23][0], 0.88
[7][24][0], 0.91
[7][25][0], 0.92
[7][26][0], 0.94
[7][27][0], 0.88
[7][28][0], 0.89
[7][29][0], 0.83
[7][30][0], 0.88
[7][31][0], 0.82
[7][32][0], 0.85
[7][33][0], 0.88
[7][34][0], 0.76
[7][35][0], 0.86
[7][36][0], 0.79
[7][37][0], 0.86
[7][38][0], 0.77
[7][39][0], 0.83
[7][40][0], 0.75
[7][41][0], 0.76
[7][42][0], 0.79
[7][43][0], 0.82
[7][44][0], 0.71
[7][45][0], 0.71
[7][46][0], 0.78
[7][47][0], 0.77
[7][48][0], 0.73
[7][49][0], 0.57
[7][50][0], 0.64
[7][51][0], 0.73
[7][52][0], 0.65
[7][53][0], 0.55
[7][54][0], 0.67
[7][55][0], 0.65
[7][56][0], 0.54
[7][57][0], 0.6
[7][58][0], 0.7
[7][59][0], 0.64
[7][60][0], 0.66
[7][61][0], 0.64
[7][62][0], 0.55
[7][63][0], 0.7
[8][0][0], 0.79
[8][1][0], 0.7
[8][2][0], 0.66
[8][3][0], 0.54
[8][4][0], 0.61
[8][5][0], 0.81
[8][6][0], 0.46
[8][7][0], 0.65
[8][8][0], 0.47
[8][9][0], 0.37
[8][10][0], 0.37
[8][11][0], 0.39
[8][12][0], 0.42
[8][13][0], 0.4
[8][14][0], 0.28
[8][15][0], 0.49
[8][16][0], 0.49
[8][17][0], 0.43
[8][18][0], 0.45
[8][19][0], 0.51
[8][20][0], 0.64
[8][21][0], 0.82
[8][22][0], 0.9
[8][23][0], 0.9
[8][24][0], 0.93
[8][25][0], 0.88
[8][26][0], 0.92
[8][27][0], 0.91
[8][28][0], 0.86
[8][29][0], 0.85
[8][30][0], 0.83
[8][31][0], 0.82
[8][32][0], 0.84
[8][33][0], 0.84
[8][34][0], 0.86
[8][35][0], 0.84
[8][36][0], 0.87
[8][37][0], 0.8
[8][38][0], 0.81
[8][39][0], 0.8
[8][40][0], 0.8
[8][41][0], 0.72
[8][42][0], 0.76
[8][43][0], 0.75
[8][44][0], 0.73
[8][45][0], 0.79
[8][46][0], 0.67
[8][47][0], 0.66
[8][48][0], 0.65
[8][49][0], 0.61
[8][50][0], 0.68
[8][51][0], 0.63
[8][52][0], 0.68
[8][53][0], 0.72
[8][54][0], 0.58
[8][55][0], 0.56
[8][56][0], 0.7
[8][57][0], 0.68
[8][58][0], 0.63
[8][59][0], 0.67
[8][60][0], 0.62
[8][61][0], 0.51
[8][62][0], 0.62
[8][63][0], 0.64
[9][0][0], 0.59
[9][1][0], 0.7
[9][2][0], 0.63
[9][3][0], 0.59
[9][4][0], 0.54
[9][5][0], 0.74
[9][6][0], 0.47
[9][7][0], 0.52
[9][8][0], 0.29
[9][9][0], 0.53
[9][10][0], 0.61
[9][11][0], 0.35
[9][12][0], 0.53
[9][13][0], 0.43
[9][14][0], 0.48
[9][15][0], 0.71
[9][16][0], 0.43
[9][17][0], 0.49
[9][18][0], 0.51
[9][19][0], 0.7
[9][20][0], 0.8
[9][21][0], 0.83
[9][22][0], 0.9
[9][23][0], 0.93
[9][24][0], 0.93
[9][25][0], 0.9
[9][26][0], 0.88
[9][27][0], 0.87
[9][28][0], 0.89
[9][29][0], 0.9
[9][30][0], 0.88
[9][31][0], 0.86
[9][32][0], 0.78
[9][33][0], 0.84
[9][34][0], 0.82
[9][35][0], 0.71
[9][36][0], 0.8
[9][37][0], 0.82
[9][38][0], 0.8
[9][39][0], 0.74
[9][40][0], 0.72
[9][41][0], 0.74
[9][42][0], 0.74
[9][43][0], 0.67
[9][44][0], 0.75
[9][45][0], 0.69
[9][46][0], 0.72
[9][47][0], 0.73
[9][48][0], 0.6
[9][49][0], 0.61
[9][50][0], 0.62
[9][51][0], 0.64
[9][52][0], 0.58
[9][53][0], 0.63
[9][54][0], 0.62
[9][55][0], 0.48
[9][56][0], 0.55
[9][57][0], 0.62
[9][58][0], 0.52
[9][59][0], 0.59
[9][60][0], 0.56
[9][61][0], 0.51
[9][62][0], 0.48
[9][63][0], 0.59
[10][0][0], 0.64
[10][1][0], 0.55
[10][2][0], 0.48
[10][3][0], 0.51
[10][4][0], 0.73
[10][5][0], 0.56
[10][6][0], 0.66
[10][7][0], 0.56
[10][8][0], 0.36
[10][9][0], 0.34
[10][10][0], 0.52
[10][11][0], 0.74
[10][12][0], 0.66
[10][13][0], 0.45
[10][14][0], 0.58
[10][15][0], 0.29
[10][16][0], 0.5
[10][17][0], 0.55
[10][18][0], 0.56
[10][19][0], 0.71
[10][20][0], 0.87
[10][21][0], 0.9
[10][22][0], 0.92
[10][23][0], 0.9
[10][24][0], 0.86
[10][25][0], 0.85
[10][26][0], 0.87
[10][27][0], 0.82
[10][28][0], 0.88
[10][29][0], 0.74
[10][30][0], 0.88
[10][31][0], 0.87
[10][32][0], 0.86
[10][33][0], 0.75
[10][34][0], 0.8
[10][35][0], 0.8
[10][36][0], 0.82
[10][37][0], 0.77
[10][38][0], 0.81
[10][39][0], 0.76
[10][40][0], 0.75
[10][41][0], 0.72
[10][42][0], 0.71
[10][43][0], 0.65
[10][44][0], 0.62
[10][45][0], 0.74
[10][46][0], 0.71
[10][47][0], 0.73
[10][48][0], 0.63
[10][49][0], 0.57
[10][50][0], 0.57
[10][51][0], 0.72
[10][52][0], 0.59
[10][53][0], 0.6
[10][54][0], 0.45
[10][55][0], 0.6
[10][56][0], 0.57
[10][57][0], 0.48
[10][58][0], 0.47
[10][59][0], 0.45
[10][60][0], 0.53
[10][61][0], 0.47
[10][62][0], 0.62
[10][63][0], 0.5

wave_spectrum_r1.time[11]
1511902800, 1511906400, 1511910000, 1511913600, 1511917200, 1511920800, 1511924400, 1511928000, 1511931600, 1511935200, 1511938800

wave_spectrum_r1.frequency[64]
0.025, 0.03, 0.035, 0.04, 0.045, 0.05, 0.055, 0.06, 0.065, 0.07, 0.075, 0.08, 0.085, 0.09, 0.095, 0.101, 0.11, 0.12, 0.13, 0.14, 0.15, 0.16, 0.17, 0.18, 0.19, 0.2, 0.21, 0.22, 0.23, 0.24, 0.25, 0.26, 0.27, 0.28, 0.29, 0.3, 0.31, 0.32, 0.33, 0.34, 0.35, 0.36, 0.37, 0.38, 0.39, 0.4, 0.41, 0.42, 0.43, 0.44, 0.45, 0.46, 0.47, 0.48, 0.49, 0.5, 0.51, 0.52, 0.53, 0.54, 0.55, 0.56, 0.57, 0.58

wave_spectrum_r1.latitude[1]
40.969

wave_spectrum_r1.longitude[1]
-71.127


wave_spectrum_r2.wave_spectrum_r2[11][64][1][1]
[0][0][0], 0.35
[0][1][0], 0.42
[0][2][0], 0.32
[0][3][0], 0.37
[0][4][0], 0.44
[0][5][0], 0.37
[0][6][0], 0.57
[0][7][0], 0.28
[0][8][0], 0.19
[0][9][0], 0.34
[0][10][0], 0.55
[0][11][0], 0.45
[0][12][0], 0.29
[0][13][0], 0.44
[0][14][0], 0.14
[0][15][0], 0.36
[0][16][0], 0.43
[0][17][0], 0.41
[0][18][0], 0.24
[0][19][0], 0.51
[0][20][0], 0.34
[0][21][0], 0.23
[0][22][0], 0.18
[0][23][0], 0.25
[0][24][0], 0.16
[0][25][0], 0.33
[0][26][0], 0.32
[0][27][0], 0.5
[0][28][0], 0.75
[0][29][0], 0.44
[0][30][0], 0.68
[0][31][0], 0.66
[0][32][0], 0.51
[0][33][0], 0.54
[0][34][0], 0.46
[0][35][0], 0.62
[0][36][0], 0.57
[0][37][0], 0.31
[0][38][0], 0.18
[0][39][0], 0.21
[0][40][0], 0.58
[0][41][0], 0.37
[0][42][0], 0.46
[0][43][0], 0.75
[0][44][0], 0.58
[0][45][0], 0.69
[0][46][0], 0.51
[0][47][0], 0.71
[0][48][0], 0.72
[0][49][0], 0.62
[0][50][0], 0.6
[0][51][0], 0.58
[0][52][0], 0.72
[0][53][0], 0.75
[0][54][0], 0.48
[0][55][0], 0.35
[0][56][0], 0.61
[0][57][0], 0.62
[0][58][0], 0.38
[0][59][0], 0.45
[0][60][0], 0.4
[0][61][0], 0.76
[0][62][0], 0.73
[0][63][0], 0.61
[1][0][0], 0.7
[1][1][0], 0.8
[1][2][0], 0.49
[1][3][0], 0.84
[1][4][0], 0.54
[1][5][0], 0.6
[1][6][0], 0.13
[1][7][0], 0.39
[1][8][0], 0.73
[1][9][0], 0.5
[1][10][0], 0.31
[1][11][0], 0.34
[1][12][0], 0.74
[1][13][0], 0.37
[1][14][0], 0.4
[1][15][0], 0.15
[1][16][0], 0.14
[1][17][0], 0.35
[1][18][0], 0.18
[1][19][0], 0.34
[1][20][0], 0.26
[1][21][0], 0.24
[1][22][0], 0.21
[1][23][0], 0.32
[1][24][0], 0.38
[1][25][0], 0.27
[1][26][0], 0.45
[1][27][0], 0.45
[1][28][0], 0.43
[1][29][0], 0.5
[1][30][0], 0.59
[1][31][0], 0.58
[1][32][0], 0.56
[1][33][0], 0.45
[1][34][0], 0.09
[1][35][0], 0.27
[1][36][0], 0.45
[1][37][0], 0.67
[1][38][0], 0.54
[1][39][0], 0.65
[1][40][0], 0.74
[1][41][0], 0.7
[1][42][0], 0.7
[1][43][0], 0.69
[1][44][0], 0.62
[1][45][0], 0.5
[1][46][0], 0.41
[1][47][0], 0.6
[1][48][0], 0.5
[1][49][0], 0.59
[1][50][0], 0.65
[1][51][0], 0.37
[1][52][0], 0.55
[1][53][0], 0.51
[1][54][0], 0.6
[1][55][0], 0.72
[1][56][0], 0.55
[1][57][0], 0.54
[1][58][0], 0.4
[1][59][0], 0.5
[1][60][0], 0.56
[1][61][0], 0.35
[1][62][0], 0.44
[1][63][0], 0.4
[2][0][0], 0.27
[2][1][0], 0.08
[2][2][0], 0.52
[2][3][0], 0.21
[2][4][0], 0.56
[2][5][0], 0.71
[2][6][0], 0.41
[2][7][0], 0.45
[2][8][0], 0.56
[2][9][0], 0.33
[2][10][0], 0.22
[2][11][0], 0.43
[2][12][0], 0.33
[2][13][0], 0.38
[2][14][0], 0.3
[2][15][0], 0.38
[2][16][0], 0.15
[2][17][0], 0.11
[2][18][0], 0.36
[2][19][0], 0.43
[2][20][0], 0.29
[2][21][0], 0.05
[2][22][0], 0.32
[2][23][0], 0.19
[2][24][0], 0.18
[2][25][0], 0.06
[2][26][0], 0.28
[2][27][0], 0.43
[2][28][0], 0.33
[2][29][0], 0.31
[2][30][0], 0.25
[2][31][0], 0.27
[2][32][0], 0.02
[2][33][0], 0.36
[2][34][0], 0.27
[2][35][0], 0.48
[2][36][0], 0.69
[2][37][0], 0.73
[2][38][0], 0.69
[2][39][0], 0.58
[2][40][0], 0.54
[2][41][0], 0.48
[2][42][0], 0.43
[2][43][0], 0.77
[2][44][0], 0.53
[2][45][0], 0.58
[2][46][0], 0.41
[2][47][0], 0.53
[2][48][0], 0.59
[2][49][0], 0.55
[2][50][0], 0.32
[2][51][0], 0.62
[2][52][0], 0.45
[2][53][0], 0.5
[2][54][0], 0.14
[2][55][0], 0.28
[2][56][0], 0.4
[2][57][0], 0.49
[2][58][0], 0.33
[2][59][0], 0.42
[2][60][0], 0.51
[2][61][0], 0.47
[2][62][0], 0.3
[2][63][0], 0.3
[3][0][0], 0.37
[3][1][0], 0.19
[3][2][0], 0.23
[3][3][0], 0.5
[3][4][0], 0.61
[3][5][0], 0.7
[3][6][0], 0.19
[3][7][0], 0.28
[3][8][0], 0.11
[3][9][0], 0.77
[3][10][0], 0.22
[3][11][0], 0.55
[3][12][0], 0.81
[3][13][0], 0.16
[3][14][0], 0.41
[3][15][0], 0.2
[3][16][0], 0.25
[3][17][0], 0.34
[3][18][0], 0.11
[3][19][0], 0.02
[3][20][0], 0.39
[3][21][0], 0.25
[3][22][0], 0.27
[3][23][0], 0.44
[3][24][0], 0.18
[3][25][0], 0.22
[3][26][0], 0.26
[3][27][0], 0.34
[3][28][0], 0.29
[3][29][0], 0.7
[3][30][0], 0.6
[3][31][0], 0.65
[3][32][0], 0.64
[3][33][0], 0.66
[3][34][0], 0.74
[3][35][0], 0.58
[3][36][0], 0.58
[3][37][0], 0.64
[3][38][0], 0.62
[3][39][0], 0.54
[3][40][0], 0.52
[3][41][0], 0.7
[3][42][0], 0.6
[3][43][0], 0.53
[3][44][0], 0.55
[3][45][0], 0.62
[3][46][0], 0.5
[3][47][0], 0.54
[3][48][0], 0.48
[3][49][0], 0.17
[3][50][0], 0.45
[3][51][0], 0.47
[3][52][0], 0.21
[3][53][0], 0.55
[3][54][0], 0.39
[3][55][0], 0.46
[3][56][0], 0.16
[3][57][0], 0.27
[3][58][0], 0.31
[3][59][0], 0.09
[3][60][0], 0.54
[3][61][0], 0.4
[3][62][0], 0.15
[3][63][0], 0.26
[4][0][0], 0.48
[4][1][0], 0.5
[4][2][0], 0.53
[4][3][0], 0.25
[4][4][0], 0.18
[4][5][0], 0.24
[4][6][0], 0.49
[4][7][0], 0.6
[4][8][0], 0.51
[4][9][0], 0.15
[4][10][0], 0.16
[4][11][0], 0.2
[4][12][0], 0.48
[4][13][0], 0.43
[4][14][0], 0.21
[4][15][0], 0.28
[4][16][0], 0.2
[4][17][0], 0.27
[4][18][0], 0.33
[4][19][0], 0.14
[4][20][0], 0.27
[4][21][0], 0.2
[4][22][0], 0.25
[4][23][0], 0.08
[4][24][0], 0.2
[4][25][0], 0.41
[4][26][0], 0.49
[4][27][0], 0.66
[4][28][0], 0.8
[4][29][0], 0.77
[4][30][0], 0.66
[4][31][0], 0.77
[4][32][0], 0.63
[4][33][0], 0.53
[4][34][0], 0.46
[4][35][0], 0.41
[4][36][0], 0.48
[4][37][0], 0.5
[4][38][0], 0.48
[4][39][0], 0.56
[4][40][0], 0.49
[4][41][0], 0.66
[4][42][0], 0.64
[4][43][0], 0.12
[4][44][0], 0.28
[4][45][0], 0.34
[4][46][0], 0.27
[4][47][0], 0.19
[4][48][0], 0.37
[4][49][0], 0.12
[4][50][0], 0.24
[4][51][0], 0.46
[4][52][0], 0.24
[4][53][0], 0.14
[4][54][0], 0.18
[4][55][0], 0.34
[4][56][0], 0.15
[4][57][0], 0.26
[4][58][0], 0.09
[4][59][0], 0.08
[4][60][0], 0.23
[4][61][0], 0.19
[4][62][0], 0.3
[4][63][0], 0.21
[5][0][0], 0.23
[5][1][0], 0.2
[5][2][0], 0.45
[5][3][0], 0.48
[5][4][0], 0.24
[5][5][0], 0.29
[5][6][0], 0.59
[5][7][0], 0.37
[5][8][0], 0.6
[5][9][0], 0.47
[5][10][0], 0.39
[5][11][0], 0.56
[5][12][0], 0.32
[5][13][0], 0.45
[5][14][0], 0.39
[5][15][0], 0.24
[5][16][0], 0.41
[5][17][0], 0.3
[5][18][0], 0.09
[5][19][0], 0.3
[5][20][0], 0.29
[5][21][0], 0.25
[5][22][0], 0.39
[5][23][0], 0.63
[5][24][0], 0.62
[5][25][0], 0.76
[5][26][0], 0.74
[5][27][0], 0.69
[5][28][0], 0.77
[5][29][0], 0.71
[5][30][0], 0.55
[5][31][0], 0.73
[5][32][0], 0.62
[5][33][0], 0.45
[5][34][0], 0.34
[5][35][0], 0.64
[5][36][0], 0.62
[5][37][0], 0.48
[5][38][0], 0.48
[5][39][0], 0.34
[5][40][0], 0.35
[5][41][0], 0.16
[5][42][0], 0.34
[5][43][0], 0.45
[5][44][0], 0.46
[5][45][0], 0.37
[5][46][0], 0.21
[5][47][0], 0.11
[5][48][0], 0.35
[5][49][0], 0.22
[5][50][0], 0.09
[5][51][0], 0.13
[5][52][0], 0.17
[5][53][0], 0.23
[5][54][0], 0.42
[5][55][0], 0.22
[5][56][0], 0.13
[5][57][0], 0.19
[5][58][0], 0.18
[5][59][0], 0.2
[5][60][0], 0.26
[5][61][0], 0.12
[5][62][0], 0.35
[5][63][0], 0.44
[6][0][0], 0.38
[6][1][0], 0.47
[6][2][0], 0.41
[6][3][0], 0.6
[6][4][0], 0.46
[6][5][0], 0.15
[6][6][0], 0.32
[6][7][0], 0.12
[6][8][0], 0.19
[6][9][0], 0.49
[6][10][0], 0.15
[6][11][0], 0.26
[6][12][0], 0.08
[6][13][0], 0.37
[6][14][0], 0.74
[6][15][0], 0.15
[6][16][0], 0.19
[6][17][0], 0.34
[6][18][0], 0.42
[6][19][0], 0.23
[6][20][0], 0.5
[6][21][0], 0.17
[6][22][0], 0.6
[6][23][0], 0.81
[6][24][0], 0.8
[6][25][0], 0.7
[6][26][0], 0.84
[6][27][0], 0.65
[6][28][0], 0.59
[6][29][0], 0.65
[6][30][0], 0.59
[6][31][0], 0.46
[6][32][0], 0.73
[6][33][0], 0.41
[6][34][0], 0.37
[6][35][0], 0.68
[6][36][0], 0.49
[6][37][0], 0.58
[6][38][0], 0.46
[6][39][0], 0.49
[6][40][0], 0.51
[6][41][0], 0.48
[6][42][0], 0.19
[6][43][0], 0.38
[6][44][0], 0.2
[6][45][0], 0.21
[6][46][0], 0.07
[6][47][0], 0.26
[6][48][0], 0.24
[6][49][0], 0.33
[6][50][0], 0.23
[6][51][0], 0.27
[6][52][0], 0.02
[6][53][0], 0.17
[6][54][0], 0.11
[6][55][0], 0.13
[6][56][0], 0.19
[6][57][0], 0.1
[6][58][0], 0.33
[6][59][0], 0.21
[6][60][0], 0.33
[6][61][0], 0.31
[6][62][0], 0.1
[6][63][0], 0.25
[7][0][0], 0.11
[7][1][0], 0.66
[7][2][0], 0.29
[7][3][0], 0.32
[7][4][0], 0.34
[7][5][0], 0.35
[7][6][0], 0.56
[7][7][0], 0.46
[7][8][0], 0.21
[7][9][0], 0.16
[7][10][0], 0.47
[7][11][0], 0.31
[7][12][0], 0.42
[7][13][0], 0.43
[7][14][0], 0.26
[7][15][0], 0.24
[7][16][0], 0.3
[7][17][0], 0.1
[7][18][0], 0.34
[7][19][0], 0.04
[7][20][0], 0.29
[7][21][0], 0.55
[7][22][0], 0.51
[7][23][0], 0.62
[7][24][0], 0.72
[7][25][0], 0.74
[7][26][0], 0.82
[7][27][0], 0.64
[7][28][0], 0.66
[7][29][0], 0.55
[7][30][0], 0.62
[7][31][0], 0.41
[7][32][0], 0.56
[7][33][0], 0.64
[7][34][0], 0.34
[7][35][0], 0.56
[7][36][0], 0.35
[7][37][0], 0.59
[7][38][0], 0.35
[7][39][0], 0.49
[7][40][0], 0.31
[7][41][0], 0.29
[7][42][0], 0.38
[7][43][0], 0.43
[7][44][0], 0.1
[7][45][0], 0.18
[7][46][0], 0.32
[7][47][0], 0.36
[7][48][0], 0.24
[7][49][0], 0.1
[7][50][0], 0.15
[7][51][0], 0.22
[7][52][0], 0.04
[7][53][0], 0.3
[7][54][0], 0.13
[7][55][0], 0.24
[7][56][0], 0.36
[7][57][0], 0.05
[7][58][0], 0.21
[7][59][0], 0.09
[7][60][0], 0.17
[7][61][0], 0.13
[7][62][0], 0.2
[7][63][0], 0.39
[8][0][0], 0.55
[8][1][0], 0.34
[8][2][0], 0.54
[8][3][0], 0.15
[8][4][0], 0.4
[8][5][0], 0.48
[8][6][0], 0.29
[8][7][0], 0.58
[8][8][0], 0.45
[8][9][0], 0.28
[8][10][0], 0.11
[8][11][0], 0.51
[8][12][0], 0.21
[8][13][0], 0.32
[8][14][0], 0.14
[8][15][0], 0.35
[8][16][0], 0.55
[8][17][0], 0.19
[8][18][0], 0.26
[8][19][0], 0.12
[8][20][0], 0.2
[8][21][0], 0.55
[8][22][0], 0.69
[8][23][0], 0.66
[8][24][0], 0.77
[8][25][0], 0.61
[8][26][0], 0.75
[8][27][0], 0.69
[8][28][0], 0.62
[8][29][0], 0.57
[8][30][0], 0.49
[8][31][0], 0.43
[8][32][0], 0.5
[8][33][0], 0.56
[8][34][0], 0.6
[8][35][0], 0.51
[8][36][0], 0.57
[8][37][0], 0.4
[8][38][0], 0.42
[8][39][0], 0.4
[8][40][0], 0.39
[8][41][0], 0.18
[8][42][0], 0.32
[8][43][0], 0.39
[8][44][0], 0.28
[8][45][0], 0.39
[8][46][0], 0.28
[8][47][0], 0.17
[8][48][0], 0.12
[8][49][0], 0.16
[8][50][0], 0.06
[8][51][0], 0.17
[8][52][0], 0.18
[8][53][0], 0.26
[8][54][0], 0.18
[8][55][0], 0.42
[8][56][0], 0.21
[8][57][0], 0.28
[8][58][0], 0.11
[8][59][0], 0.16
[8][60][0], 0.19
[8][61][0], 0.24
[8][62][0], 0.21
[8][63][0], 0.1
[9][0][0], 0.27
[9][1][0], 0.28
[9][2][0], 0.32
[9][3][0], 0.22
[9][4][0], 0.31
[9][5][0], 0.47
[9][6][0], 0.21
[9][7][0], 0.14
[9][8][0], 0.29
[9][9][0], 0.25
[9][10][0], 0.59
[9][11][0], 0.29
[9][12][0], 0.43
[9][13][0], 0.45
[9][14][0], 0.47
[9][15][0], 0.53
[9][16][0], 0.2
[9][17][0], 0.52
[9][18][0], 0.11
[9][19][0], 0.51
[9][20][0], 0.55
[9][21][0], 0.6
[9][22][0], 0.68
[9][23][0], 0.78
[9][24][0], 0.76
[9][25][0], 0.67
[9][26][0], 0.6
[9][27][0], 0.6
[9][28][0], 0.62
[9][29][0], 0.68
[9][30][0], 0.64
[9][31][0], 0.59
[9][32][0], 0.39
[9][33][0], 0.5
[9][34][0], 0.43
[9][35][0], 0.24
[9][36][0], 0.41
[9][37][0], 0.43
[9][38][0], 0.44
[9][39][0], 0.37
[9][40][0], 0.24
[9][41][0], 0.21
[9][42][0], 0.26
[9][43][0], 0.1
[9][44][0], 0.26
[9][45][0], 0.23
[9][46][0], 0.4
[9][47][0], 0.26
[9][48][0], 0.15
[9][49][0], 0.2
[9][50][0], 0.12
[9][51][0], 0.09
[9][52][0], 0.18
[9][53][0], 0.08
[9][54][0], 0.16
[9][55][0], 0.39
[9][56][0], 0.24
[9][57][0], 0.12
[9][58][0], 0.26
[9][59][0], 0.33
[9][60][0], 0.37
[9][61][0], 0.24
[9][62][0], 0.19
[9][63][0], 0.25
[10][0][0], 0.61
[10][1][0], 0.56
[10][2][0], 0.39
[10][3][0], 0.28
[10][4][0], 0.29
[10][5][0], 0.5
[10][6][0], 0.47
[10][7][0], 0.14
[10][8][0], 0.16
[10][9][0], 0.33
[10][10][0], 0.29
[10][11][0], 0.81
[10][12][0], 0.43
[10][13][0], 0.17
[10][14][0], 0.6
[10][15][0], 0.27
[10][16][0], 0.41
[10][17][0], 0.33
[10][18][0], 0.28
[10][19][0], 0.33
[10][20][0], 0.67
[10][21][0], 0.67
[10][22][0], 0.74
[10][23][0], 0.67
[10][24][0], 0.56
[10][25][0], 0.51
[10][26][0], 0.62
[10][27][0], 0.44
[10][28][0], 0.63
[10][29][0], 0.27
[10][30][0], 0.6
[10][31][0], 0.58
[10][32][0], 0.54
[10][33][0], 0.23
[10][34][0], 0.37
[10][35][0], 0.39
[10][36][0], 0.43
[10][37][0], 0.3
[10][38][0], 0.43
[10][39][0], 0.32
[10][40][0], 0.29
[10][41][0], 0.16
[10][42][0], 0.11
[10][43][0], 0.17
[10][44][0], 0.08
[10][45][0], 0.22
[10][46][0], 0.14
[10][47][0], 0.22
[10][48][0], 0.24
[10][49][0], 0.16
[10][50][0], 0.17
[10][51][0], 0.23
[10][52][0], 0.13
[10][53][0], 0.35
[10][54][0], 0.41
[10][55][0], 0.09
[10][56][0], 0.14
[10][57][0], 0.38
[10][58][0], 0.39
[10][59][0], 0.46
[10][60][0], 0.38
[10][61][0], 0.33
[10][62][0], 0.31
[10][63][0], 0.26

wave_spectrum_r2.time[11]
1511902800, 1511906400, 1511910000, 1511913600, 1511917200, 1511920800, 1511924400, 1511928000, 1511931600, 1511935200, 1511938800

wave_spectrum_r2.frequency[64]
0.025, 0.03, 0.035, 0.04, 0.045, 0.05, 0.055, 0.06, 0.065, 0.07, 0.075, 0.08, 0.085, 0.09, 0.095, 0.101, 0.11, 0.12, 0.13, 0.14, 0.15, 0.16, 0.17, 0.18, 0.19, 0.2, 0.21, 0.22, 0.23, 0.24, 0.25, 0.26, 0.27, 0.28, 0.29, 0.3, 0.31, 0.32, 0.33, 0.34, 0.35, 0.36, 0.37, 0.38, 0.39, 0.4, 0.41, 0.42, 0.43, 0.44, 0.45, 0.46, 0.47, 0.48, 0.49, 0.5, 0.51, 0.52, 0.53, 0.54, 0.55, 0.56, 0.57, 0.58

wave_spectrum_r2.latitude[1]
40.969

wave_spectrum_r2.longitude[1]
-71.127

